# H+ charge-exchange cross section with neutral metal.
# Digitized from Lin and Poppe (2025), JGR Space Physics, Fig. 2c.
# Original cited CX sources: Ebel and Salzborn (1987), Morgan et al. (1985), Rutherford and Vroom (1972).
energy(eV) cross_section(x1e-16)
      206.91       1.1739
      208.71       1.1739
      210.53       1.1739
      212.36       1.1844
       214.2        1.195
      216.07       1.2165
      217.94       1.2383
      219.84       1.2494
      221.75       1.2719
      223.68       1.2833
      225.62       1.3063
      227.58        1.318
      229.56       1.3417
      231.56       1.3537
      233.57       1.3781
       235.6       1.3904
      237.65       1.4154
      239.72        1.428
       241.8       1.4537
       243.9       1.4798
      246.02       1.4931
      248.16       1.5199
      250.32       1.5335
       252.5       1.5611
      254.69        1.575
      256.91       1.6034
      259.14       1.6177
      261.39       1.6468
      263.67       1.6615
      265.96       1.6914
      268.27       1.7065
       270.6       1.7372
      272.95       1.7527
      275.33       1.7842
      277.72       1.8163
      280.14       1.8326
      282.57       1.8655
      285.03       1.8822
      287.51        1.916
      290.01       1.9332
      292.53       1.9679
      295.07       1.9855
      297.64       2.0212
      300.22       2.0393
      302.83       2.0575
      305.47       2.0945
      308.12       2.1133
       310.8       2.1322
       313.5       2.1705
      316.23       2.1899
      318.98       2.2095
      321.75       2.2293
      324.55       2.2693
      327.37       2.2896
      330.22       2.3101
      333.09       2.3517
      335.98       2.3727
       338.9       2.3939
      341.85        2.437
      344.82       2.4588
      347.82       2.4808
      350.84       2.5253
      353.89       2.5479
      356.97       2.5707
      360.07       2.5937
       363.2       2.6404
      366.36        2.664
      369.55       2.6878
      372.76       2.7361
         376       2.7606
      379.27       2.7853
      382.57       2.8354
      385.89       2.8607
      389.25       2.8863
      392.63       2.9382
      396.04       2.9645
      399.49        2.991
      402.96       3.0178
      406.46       3.0448
         410       3.0995
      413.56       3.1273
      417.16       3.1552
      420.78       3.1835
      424.44       3.2407
      428.13       3.2697
      431.86       3.2989
      435.61       3.3285
       439.4       3.3582
      443.22       3.4186
      447.07       3.4492
      450.96       3.4801
      454.88       3.5112
      458.83       3.5426
      462.82       3.6063
      466.85       3.6386
       470.9       3.6711
         475        3.704
      479.13       3.7371
      483.29       3.8043
      487.49       3.8383
      491.73       3.8726
      496.01       3.9073
      500.32       3.9423
      504.67       4.0131
      509.06        4.049
      513.48       4.0852
      517.95       4.1218
      522.45       4.1587
      526.99       4.1959
      531.57       4.2713
       536.2       4.3095
      540.86       4.3481
      545.56        4.387
       550.3       4.4262
      555.09       4.4658
      559.91       4.5461
      564.78       4.5868
      569.69       4.6278
      574.64       4.6692
      579.64        4.711
      584.68       4.7532
      589.76       4.8386
      594.89       4.8819
      600.06       4.9256
      605.28       4.9696
      610.54       5.0141
      615.85        5.059
       621.2       5.1042
       626.6       5.1499
      632.05       5.2425
      637.55       5.2894
      643.09       5.3367
      648.68       5.3844
      654.32       5.4326
      660.01       5.4812
      665.75       5.5303
      671.53       5.5798
      677.37         5.68
      683.26       5.7309
       689.2       5.7821
      695.19       5.8339
      701.24       5.8861
      707.33       5.9387
      713.48       5.9919
      719.69       6.0455
      725.94       6.0996
      732.25       6.2092
      738.62       6.2648
      745.04       6.3208
      751.52       6.3774
      758.05       6.4344
      764.64        6.492
      771.29       6.5501
         778       6.6087
      784.76       6.6678
      791.58       6.7877
      798.46       6.8484
      805.41       6.9097
      812.41       6.9715
      819.47       7.0339
       826.6       7.0968
      833.78       7.1603
      841.03       7.2244
      848.34        7.289
      855.72       7.3542
      863.16         7.42
      870.66       7.4864
      878.23        7.621
      885.87       7.6892
      893.57        7.758
      901.34       7.8274
      909.17       7.8974
      917.08       7.9681
      925.05       8.0394
      933.09       8.1113
       941.2       8.1839
      949.39       8.2571
      957.64        8.331
      965.97       8.4055
      974.37       8.4807
      982.84       8.6332
      991.38       8.7104
        1000       8.7883
      1008.7        8.867
      1017.5       8.9463
      1026.3       9.0264
      1035.2       9.1071
      1044.2       9.1886
      1053.3       9.1886
      1062.5       9.3538
      1071.7       9.3538
        1081       9.4375
      1090.4       9.5219
      1099.9       9.5219
      1109.5       9.5219
      1119.1       9.6071
      1128.8       9.6071
      1138.7        9.693
      1148.6        9.693
      1158.5       9.7798
      1168.6       9.7798
      1178.8       9.8673
        1189       9.8673
      1199.4       9.9556
      1209.8       10.045
      1220.3       10.045
      1230.9       10.135
      1241.6       10.135
      1252.4       10.225
      1263.3       10.225
      1274.3       10.317
      1285.4       10.409
      1296.5       10.409
      1307.8       10.502
      1319.2       10.502
      1330.6       10.596
      1342.2       10.596
      1353.9       10.691
      1365.6       10.787
      1377.5       10.787
      1389.5       10.883
      1401.6       10.883
      1413.8        10.98
      1426.1        10.98
      1438.4       11.079
        1451       11.079
      1463.6       11.278
      1476.3       11.379
      1489.1       11.583
      1502.1       11.687
      1515.1       11.897
      1528.3       12.111
      1541.6       12.219
        1555       12.439
      1568.5        12.55
      1582.2       12.776
      1595.9       13.005
      1609.8       13.122
      1623.8       13.358
      1637.9       13.598
      1652.1       13.719
      1666.5       13.966
        1681       14.091
      1695.6       14.344
      1710.3       14.602
      1725.2       14.733
      1740.2       14.997
      1755.3       15.132
      1770.6       15.404
        1786        15.68
      1801.5       15.821
      1817.2       16.105
        1833       16.249
      1848.9       16.541
        1865       16.839
      1881.2       16.989
      1897.6       17.295
      1914.1       17.449
      1930.7       17.763
      1947.5       18.082
      1964.4       18.244
      1981.5       18.572
      1998.7       18.906
      2016.1       19.075
      2033.6       19.418
      2051.3       19.767
      2069.1       19.944
      2087.1       20.302
      2105.3       20.484
      2123.6       20.852
        2142       21.227
      2160.7       21.417
      2179.4       21.802
      2198.4       22.194
      2217.5       22.392
      2236.8       22.795
      2256.2       23.204
      2275.8       23.412
      2295.6       23.833
      2315.6       24.046
      2335.7       24.478
        2356       24.918
      2376.5       25.141
      2397.2       25.593
        2418       26.053
        2439       26.053
      2460.2       26.053
      2481.6       26.286
      2503.2       26.286
        2525       26.286
      2546.9       26.521
      2569.1       26.521
      2591.4       26.521
      2613.9       26.759
      2636.7       26.759
      2659.6       26.759
      2682.7       26.759
        2706       26.998
      2729.5       26.998
      2753.3       26.998
      2777.2        27.24
      2801.4        27.24
      2825.7        27.24
      2850.3       27.483
      2875.1       27.483
      2900.1       27.483
      2925.3       27.729
      2950.7       27.729
      2976.4       27.977
      3002.2       28.228
      3028.3       28.228
      3054.7        28.48
      3081.2        28.48
        3108       28.735
        3135       28.735
      3162.3       28.992
      3189.8       29.252
      3217.5       29.252
      3245.5       29.513
      3273.7       29.513
      3302.2       29.777
      3330.9       29.777
      3359.8       30.044
        3389       30.044
      3418.5       30.313
      3448.2       30.584
      3478.2       30.584
      3508.4       30.858
      3538.9       30.858
      3569.7       31.134
      3600.7       31.134
        3632       31.412
      3663.6       31.412
      3695.5       31.693
      3727.6       31.977
        3760       31.977
      3792.7       32.263
      3825.7       32.263
      3858.9       32.552
      3892.5       32.552
      3926.3       32.843
      3960.4       32.843
      3994.9       33.137
      4029.6       33.137
      4064.6       33.137
        4100       33.433
      4135.6       33.433
      4171.6       33.732
      4207.8       33.732
      4244.4       33.732
      4281.3       34.034
      4318.6       34.034
      4356.1       34.339
        4394       34.339
      4432.2       34.339
      4470.7       34.646
      4509.6       34.646
      4548.8       34.956
      4588.3       34.956
      4628.2       34.956
      4668.5       35.269
        4709       35.269
        4750       35.584
      4791.3       35.584
      4832.9       35.584
      4874.9       35.584
      4917.3       35.584
      4960.1       35.584
      5003.2       35.584
      5046.7       35.584
      5090.6       35.584
      5134.8       35.584
      5179.5       35.584
      5224.5       35.584
      5269.9       35.584
      5315.7       35.584
        5362       35.584
      5408.6       35.269
      5455.6       35.269
        5503       35.269
      5550.9       35.269
      5599.1       35.269
      5647.8       34.956
      5696.9       34.956
      5746.4       34.956
      5796.4       34.956
      5846.8       34.956
      5897.6       34.646
      5948.9       34.646
      6000.6       34.646
      6052.8       34.646
      6105.4       34.339
      6158.5       34.339
        6212       34.339
        6266       34.034
      6320.5       34.034
      6375.5       34.034
      6430.9       34.034
      6486.8       33.732
      6543.2       33.732
      6600.1       33.732
      6657.5       33.433
      6715.3       33.433
      6773.7       33.433
      6832.6       33.433
        6892       33.433
      6951.9       33.137
      7012.4       33.137
      7073.3       33.137
      7134.8       33.137
      7196.9       32.843
      7259.4       32.843
      7322.5       32.843
      7386.2       32.552
      7450.4       32.263
      7515.2       31.977
      7580.5       31.693
      7646.4       31.693
      7712.9       31.412
        7780       31.134
      7847.6       30.858
      7915.8       30.584
      7984.6       30.313
      8054.1       30.044
      8124.1       29.777
      8194.7       29.513
        8266       29.252
      8337.8       28.992
      8410.3       28.735
      8483.4        28.48
      8557.2       28.228
      8631.6       27.977
      8706.6       27.729
      8782.3       27.729
      8858.7       27.483
      8935.7        27.24
      9013.4       26.998
      9091.7       26.759
      9170.8       26.521
      9250.5       26.286
      9330.9       26.053
        9412       25.822
      9493.9       25.593
      9576.4       25.366
      9659.7       25.141
      9743.7       24.918
      9828.4       24.697
      9913.8       24.261
       10000       23.833
       10087       23.622
       10175       23.204
       10263       22.999
       10352       22.593
       10442       22.392
       10533       21.997
       10625       21.802
       10717       21.608
       10810       21.227
       10904       20.667
       10999       20.302
       11095       20.122
       11191       19.767
       11288       19.592
       11387       19.418
       11486       19.246
       11585       18.906
       11686       18.738
       11788       18.407
       11890       18.244
       11994       17.922
       12098       17.763
       12203       17.605
       12309       17.295
       12416       16.989
       12524       16.839
       12633       16.541
       12743       16.395
       12854       16.105
       12965       15.962
       13078        15.68
       13192       15.541
       13306       15.267
       13422       15.132
       13539       14.864
       13656       14.733
       13775       14.472
       13895       14.344
       14016       14.091
       14138       13.966
       14261       13.719
       14384       13.598
       14510       13.358
       14636       13.239
       14763        12.89
       14891       12.662
       15021       12.439
       15151       12.111
       15283       11.897
       15416       11.687
       15550       11.379
       15685       11.178
       15822        10.98
       15959       10.691
       16098       10.502
       16238       10.225
       16379       10.045
       16521       9.8673
       16665       9.6071
       16810       9.4375
       16956       9.2708
       17103       9.0264
       17252        8.867
       17402       8.7104
       17553       8.4807
       17706        8.331
       17860       8.1839
       18015       7.9681
       18172       7.8274
       18330        7.621
       18489       7.4864
       18650       7.3542
       18812       7.1603
       18976       7.0339
       19141       6.9097
       19307       6.7275
       19475       6.6087
       19644        6.492
       19815       6.3208
       19987       6.2092
       20161       6.0455
       20336       5.8861
       20513       5.7309
       20691       5.5798
       20871       5.4326
       21053       5.2894
       21236       5.1499
       21420       5.0141
       21607       4.8819
       21794       4.7532
       21984       4.6692
       22175       4.5461
       22368       4.4262
       22562       4.3095
       22758       4.1959
       22956       4.0852
       23156       3.9775
       23357       3.8726
       23560       3.7705
       23765       3.6711
       23972       3.5743
       24180       3.4801
       24390       3.3883
       24602       3.2989
       24816        3.212
       25032       3.1273
       25250       3.0448
       25469       2.9645
       25691       2.8863
       25914       2.8102
       26139       2.7361
       26367        2.664
       26596       2.5937
       26827       2.5253
       27060       2.4588
       27295       2.3939
       27533       2.3308
       27772       2.2693
       28014       2.2293
       28257       2.1705
       28503       2.1133
       28751       2.0575
       29001       2.0033
       29253       1.9505
       29507        1.899
       29764       1.8489
