# H+ charge-exchange cross section with neutral metal.
# Digitized from Lin and Poppe (2025), JGR Space Physics, Fig. 2c.
# Original cited CX sources: Ebel and Salzborn (1987), Morgan et al. (1985), Rutherford and Vroom (1972).
energy(eV) cross_section(x1e-16)
      107.17       38.899
       108.1       38.899
      109.04       38.899
      109.99       38.899
      110.95       38.899
      111.91       38.899
      112.88       38.899
      113.87       38.899
      114.86       38.899
      115.85       38.899
      116.86       38.899
      117.88       38.899
       118.9       38.899
      119.94       38.899
      120.98       38.899
      122.03       38.899
      123.09       38.899
      124.16       38.899
      125.24       38.899
      126.33       38.899
      127.43       38.899
      128.54       38.899
      129.65       39.247
      130.78       39.247
      131.92       39.247
      133.06       39.247
      134.22       39.247
      135.39       39.247
      136.56       39.247
      137.75       39.247
      138.95       39.247
      140.16       39.247
      141.38       39.247
      142.61       39.247
      143.84       39.247
       145.1       39.599
      146.36       39.599
      147.63       39.599
      148.91       39.599
      150.21       39.599
      151.51       39.599
      152.83       39.599
      154.16       39.599
       155.5       39.599
      156.85       39.599
      158.22       39.599
      159.59       39.599
      160.98       39.599
      162.38       39.599
      163.79       39.953
      165.21       39.953
      166.65       39.953
       168.1       39.953
      169.56       39.953
      171.03       39.953
      172.52       39.953
      174.02       39.953
      175.53       39.953
      177.06       39.953
       178.6       39.953
      180.15       39.953
      181.72       39.953
       183.3        40.31
      184.89        40.31
       186.5        40.31
      188.12        40.31
      189.76        40.31
      191.41        40.31
      193.07        40.31
      194.75        40.31
      196.44        40.31
      198.15        40.31
      199.87        40.31
      201.61        40.31
      203.36       40.671
      205.13       40.671
      206.91       40.671
      208.71       40.671
      210.53       40.671
      212.36       40.671
       214.2       40.671
      216.07       40.671
      217.94       41.035
      219.84       41.035
      221.75       41.035
      223.68       41.035
      225.62       41.035
      227.58       41.035
      229.56       41.035
      231.56       41.035
      233.57       41.402
       235.6       41.402
      237.65       41.402
      239.72       41.402
       241.8       41.402
       243.9       41.402
      246.02       41.402
      248.16       41.402
      250.32       41.772
       252.5       41.772
      254.69       41.772
      256.91       41.772
      259.14       41.772
      261.39       41.772
      263.67       41.772
      265.96       41.772
      268.27       41.772
       270.6       42.146
      272.95       42.146
      275.33       42.146
      277.72       42.146
      280.14       42.146
      282.57       42.146
      285.03       42.146
      287.51       42.146
      290.01       42.523
      292.53       42.523
      295.07       42.523
      297.64       42.523
      300.22       42.523
      302.83       42.523
      305.47       42.523
      308.12       42.904
       310.8       42.904
       313.5       42.904
      316.23       42.904
      318.98       42.904
      321.75       42.904
      324.55       43.288
      327.37       43.288
      330.22       43.675
      333.09       44.066
      353.89       44.066
      356.97       44.066
      360.07       44.066
       363.2       44.066
      366.36       44.066
      369.55       44.066
      372.76       44.066
         376       44.066
      379.27       44.066
      382.57        44.46
      385.89        44.46
      389.25        44.46
      392.63        44.46
      396.04        44.46
      399.49       44.858
      402.96       44.858
      406.46       44.858
         410       44.858
      413.56       44.858
      417.16       45.259
      420.78       45.259
      424.44       45.259
      428.13       45.259
      431.86       45.259
      435.61       45.664
       439.4       45.664
      443.22       45.664
      447.07       45.664
      450.96       45.664
      454.88       45.664
      458.83       46.073
      462.82       46.073
      466.85       46.073
       470.9       46.073
         475       46.073
      479.13       46.485
      483.29       46.485
      487.49       46.485
      491.73       46.485
      496.01       46.901
      500.32       46.901
      504.67       46.901
      509.06       46.901
      513.48       46.901
      517.95        47.32
      522.45        47.32
      526.99        47.32
      531.57        47.32
       536.2       47.744
      540.86       47.744
      545.56       47.744
       550.3       47.744
      555.09       48.171
      559.91       48.171
      564.78       48.171
      569.69       48.171
      574.64       48.602
      579.64       48.602
      584.68       48.602
      589.76       48.602
      594.89       48.602
      600.06       49.037
      605.28       49.037
      610.54       49.037
      615.85       49.476
       621.2       49.476
       626.6       49.476
      632.05       49.476
      637.55       49.918
      643.09       49.918
      648.68       49.918
      654.32       49.918
      660.01       50.365
      665.75       50.365
      671.53       50.365
      677.37       50.365
      683.26       50.815
       689.2       50.815
      695.19       50.815
      701.24        51.27
      707.33        51.27
      713.48        51.27
      719.69        51.27
      725.94       51.729
      732.25       51.729
      738.62       51.729
      745.04       52.192
      751.52       52.192
      758.05       52.192
      764.64       52.192
      771.29       52.659
         778       52.659
      784.76       52.659
      791.58        53.13
      798.46        53.13
      805.41        53.13
      812.41       53.605
      819.47       53.605
       826.6       53.605
      833.78       54.085
      841.03       54.085
      848.34       54.085
      855.72       54.569
      863.16       54.569
      870.66       54.569
      878.23       55.057
      885.87       55.057
      893.57       55.057
      901.34        55.55
      909.17        55.55
      917.08        55.55
      925.05       56.047
      933.09       56.047
       941.2       56.047
      949.39       56.548
      957.64       56.548
      965.97       56.548
      974.37       57.054
      982.84       57.054
      991.38       57.054
        1000       57.565
      1008.7       57.565
      1017.5        58.08
      1026.3        58.08
      1035.2       58.599
      1044.2       58.599
      1053.3       59.124
      1062.5       59.124
      1071.7       59.652
        1081       59.652
      1090.4       60.186
      1099.9       60.186
      1109.5       60.186
      1119.1       60.725
      1128.8       60.725
      1138.7       61.268
      1148.6       61.268
      1158.5       61.816
      1168.6       61.816
      1178.8       62.369
        1189       62.369
      1199.4       62.369
      1209.8       62.927
      1220.3       62.927
      1230.9       62.927
      1241.6        63.49
      1252.4        63.49
      1263.3        63.49
      1274.3       64.058
      1285.4       64.058
      1296.5       64.632
      1307.8       64.632
      1319.2       64.632
      1330.6        65.21
      1342.2        65.21
      1353.9        65.21
      1365.6       65.793
      1377.5       65.793
      1389.5       65.793
      1401.6       66.382
      1413.8       66.382
      1426.1       66.382
      1438.4       66.976
        1451       66.976
      1463.6       66.976
      1476.3       67.575
      1489.1       67.575
      1502.1        68.18
      1515.1        68.18
      1528.3        68.18
      1541.6        68.79
        1555        68.79
      1568.5       69.405
      1582.2       69.405
      1595.9       69.405
      1609.8       70.026
      1623.8       70.026
      1637.9       70.653
      1652.1       70.653
      1666.5       70.653
        1681       71.285
      1695.6       71.285
      1710.3       71.285
      1725.2       71.923
      1740.2       71.923
      1755.3       72.566
      1770.6       72.566
        1786       72.566
      1801.5       73.216
      1817.2       73.216
        1833       73.871
      1848.9       73.871
        1865       73.871
      1881.2       74.532
      1897.6       74.532
      1914.1       75.198
      1930.7       75.198
      1947.5       75.198
      1964.4       75.871
      1981.5       75.871
      1998.7        76.55
      2016.1        76.55
      2033.6        76.55
      2051.3       77.235
      2069.1       77.235
      2087.1       77.926
      2105.3       77.926
      2123.6       77.926
        2142       78.623
      2160.7       78.623
      2179.4       79.327
      2198.4       79.327
      2217.5       79.327
      2236.8       80.037
      2256.2       80.037
      2275.8       80.753
      2295.6       80.753
      2315.6       80.753
        2439       83.682
      2460.2       83.682
      2481.6       83.682
      2503.2       83.682
        2525       83.682
      2546.9       83.682
      2569.1       83.682
      2591.4       83.682
      2613.9       83.682
      2636.7       83.682
      2659.6       83.682
      2682.7       83.682
        2706       83.682
      2729.5       83.682
      2753.3       83.682
      2777.2       83.682
      2801.4       83.682
      2825.7       83.682
      2850.3       83.682
      2875.1       83.682
      2900.1       83.682
      2925.3       83.682
      2950.7       83.682
      2976.4       83.682
      3002.2       83.682
      3028.3       83.682
      3054.7       83.682
      3081.2       83.682
        3108       83.682
        3135       83.682
      3162.3       83.682
      3189.8       83.682
      3217.5       83.682
      3245.5       83.682
      3273.7       83.682
      3302.2       83.682
      3330.9       83.682
      3359.8       83.682
        3389       83.682
      3418.5       83.682
      3448.2       83.682
      3478.2       83.682
      3508.4       83.682
      3538.9       83.682
      3569.7       83.682
      3600.7       83.682
        3632       83.682
      3663.6       83.682
      3695.5        82.94
      3727.6        82.94
        3760        82.94
      3792.7       82.204
      3825.7       82.204
      3858.9       82.204
      3892.5       82.204
      3926.3       81.475
      3960.4       81.475
      3994.9       80.753
      4029.6       80.753
      4064.6       80.753
        4100       80.037
      4135.6       80.037
      4171.6       79.327
      4207.8       79.327
      4244.4       78.623
      4281.3       78.623
      4318.6       78.623
      4356.1       77.926
        4394       77.926
      4432.2       77.235
      4470.7        76.55
      4509.6        76.55
      4548.8       75.871
      4588.3       75.198
      4628.2       74.532
      4668.5       73.871
        4709       73.871
        4750       73.216
      4791.3       72.566
      4832.9       71.923
      4874.9       71.923
      4917.3       71.285
      4960.1       70.653
      5003.2       70.026
      5046.7       69.405
      5090.6        68.79
      5134.8        68.18
      5179.5        68.18
      5224.5       67.575
      5269.9       66.976
      5315.7       66.382
        5362       65.793
      5408.6        65.21
      5455.6        65.21
        5503       64.632
      5550.9       64.058
      5599.1        63.49
      5647.8       62.927
      5696.9       62.369
      5746.4       61.816
      5796.4       61.816
      5846.8       61.268
      5897.6       60.725
      5948.9       60.186
      6000.6       59.652
      6052.8       58.599
      6105.4        58.08
      6158.5       57.565
        6212       57.054
        6266       56.548
      6320.5        55.55
      6375.5       55.057
      6430.9       54.569
      6486.8       54.085
      6543.2       53.605
      6600.1       52.659
      6657.5       52.192
      6715.3       51.729
      6773.7        51.27
      6832.6       50.815
        6892       49.918
      6951.9       49.476
      7012.4       48.602
      7073.3        47.32
      7134.8        47.32
      7196.9       46.485
      7847.6       37.874
      7915.8       37.538
      7984.6       36.875
      8054.1       36.548
      8124.1       35.903
      8194.7       35.269
        8266       34.646
      8337.8       34.034
      8410.3       33.433
      8483.4       32.552
      8557.2       31.977
      8631.6       31.134
      8706.6       30.584
      8782.3       29.777
      8858.7       29.252
      8935.7       28.228
      9013.4       25.822
      9091.7       25.593
      9170.8       25.141
      9250.5       24.261
      9330.9       23.412
        9412       22.392
      9493.9       21.802
      9576.4       20.667
      9659.7       20.302
      9743.7       19.592
      9828.4       18.906
      9913.8       18.082
       10000       17.141
       10087       16.249
       10175       15.267
       10263       14.344
       10352       13.477
       10442       12.439
       10533       11.481
       10625       10.502
       10717       9.6071
       10810       8.6332
       10904       7.9681
       10999       7.4864
       11095       7.0339
       11191       6.6087
       11288       6.1542
       11387       5.7821
       11486       5.4326
       11585       5.1042
       11686       4.7532
       11788       4.4658
       11890       4.2334
       11994       3.9775
       12098        3.704
       12203       3.4801
       12309       3.2697
       12416        3.072
       12524       2.8863
       12633       2.6878
       12743       2.5253
       12854       2.3727
       12965       2.2293
       13078       2.0945
       13192       1.9679
       13306       1.8326
       13422       1.7218
       13539       1.6177
       13656       1.5199
       13775        1.428
       13895       1.3417
       14016       1.2494
       14138       1.1739
