# H+ charge-exchange cross section with neutral metal.
# Digitized from Lin and Poppe (2025), JGR Space Physics, Fig. 2c.
# Original cited CX sources: Ebel and Salzborn (1987), Morgan et al. (1985), Rutherford and Vroom (1972).
energy(eV) cross_section(x1e-16)
      107.17       7.1603
       108.1       7.1603
      109.04       7.1603
      109.99       7.1603
      110.95       7.1603
      111.91       7.1603
      112.88       7.1603
      113.87       7.1603
      114.86       7.1603
      115.85       7.1603
      116.86       7.1603
      117.88       7.1603
       118.9       7.1603
      119.94       7.1603
      120.98       7.1603
      122.03       7.1603
      123.09       7.1603
      124.16       7.1603
      125.24       7.1603
      126.33       7.1603
      127.43       7.1603
      128.54       7.1603
      129.65       7.1603
      130.78       7.1603
      131.92       7.1603
      133.06       7.1603
      134.22       7.1603
      135.39       7.1603
      136.56       7.1603
      137.75       7.1603
      138.95       7.1603
      140.16       7.1603
      141.38       7.1603
      142.61       7.1603
      143.84       7.1603
       145.1       7.1603
      146.36       7.1603
      147.63       7.1603
      148.91       7.1603
      150.21       7.1603
      151.51       7.1603
      152.83       7.1603
      154.16       7.1603
       155.5       7.1603
      156.85       7.1603
      158.22       7.1603
      159.59       7.1603
      160.98       7.1603
      162.38       7.1603
      163.79       7.1603
      165.21       7.1603
      166.65       7.2244
       168.1       7.2244
      169.56       7.2244
      171.03       7.2244
      172.52       7.2244
      174.02       7.2244
      175.53       7.2244
      177.06       7.2244
       178.6       7.2244
      180.15       7.2244
      181.72       7.2244
       183.3       7.2244
      184.89       7.2244
       186.5       7.2244
      188.12       7.2244
      189.76       7.2244
      191.41       7.2244
      193.07       7.2244
      194.75       7.2244
      196.44       7.2244
      198.15       7.2244
      199.87       7.2244
      201.61        7.289
      203.36        7.289
      205.13        7.289
      206.91        7.289
      208.71        7.289
      210.53        7.289
      212.36        7.289
       214.2        7.289
      216.07        7.289
      217.94        7.289
      219.84        7.289
      221.75        7.289
      223.68        7.289
      225.62        7.289
      227.58       7.3542
      229.56       7.3542
      231.56       7.3542
      233.57       7.3542
       235.6       7.3542
      237.65       7.3542
      239.72       7.3542
       241.8       7.3542
       243.9       7.3542
      246.02       7.3542
      248.16       7.3542
      250.32       7.3542
       252.5       7.3542
      254.69       7.3542
      256.91         7.42
      259.14         7.42
      261.39         7.42
      263.67         7.42
      265.96         7.42
      268.27         7.42
       270.6         7.42
      272.95         7.42
      275.33         7.42
      277.72         7.42
      280.14         7.42
      282.57         7.42
      285.03         7.42
      287.51         7.42
      290.01         7.42
      292.53       7.4864
      295.07       7.4864
      297.64       7.4864
      300.22       7.4864
      302.83       7.4864
      305.47       7.4864
      308.12       7.4864
       310.8       7.4864
       313.5       7.4864
      316.23       7.4864
      318.98       7.5534
      321.75       7.5534
      324.55       7.5534
      327.37       7.5534
      330.22       7.5534
      333.09       7.5534
      335.98       7.5534
       338.9       7.5534
      341.85       7.5534
      344.82       7.5534
      347.82        7.621
      350.84        7.621
      353.89        7.621
      356.97        7.621
      360.07        7.621
       363.2        7.621
      366.36        7.621
      369.55        7.621
      372.76        7.621
         376        7.621
      379.27        7.621
      382.57       7.6892
      385.89       7.6892
      389.25       7.6892
      392.63       7.6892
      396.04       7.6892
      399.49       7.6892
      402.96       7.6892
      406.46       7.6892
         410       7.6892
      413.56        7.758
      417.16        7.758
      420.78        7.758
      424.44        7.758
      428.13        7.758
      431.86        7.758
      435.61        7.758
       439.4        7.758
      443.22       7.8274
      447.07       7.8274
      450.96       7.8274
      454.88       7.8274
      458.83       7.8274
      462.82       7.8274
      466.85       7.8274
       470.9       7.8274
         475       7.8974
      479.13       7.8974
      483.29       7.8974
      487.49       7.8974
      491.73       7.8974
      496.01       7.8974
      500.32       7.8974
      504.67       7.8974
      509.06       7.9681
      513.48       7.9681
      517.95       7.9681
      522.45       7.9681
      526.99       7.9681
      531.57       7.9681
       536.2       7.9681
      540.86       8.0394
      545.56       8.0394
       550.3       8.0394
      555.09       8.0394
      559.91       8.0394
      564.78       8.0394
      569.69       8.0394
      574.64       8.1113
      579.64       8.1113
      584.68       8.1113
      589.76       8.1113
      594.89       8.1113
      600.06       8.1113
      605.28       8.1839
      610.54       8.1839
      615.85       8.1839
       621.2       8.1839
       626.6       8.1839
      632.05       8.1839
      637.55       8.2571
      643.09       8.2571
      648.68       8.2571
      654.32       8.2571
      660.01       8.2571
      665.75       8.2571
      671.53        8.331
      677.37        8.331
      683.26        8.331
       689.2        8.331
      695.19        8.331
      701.24        8.331
      707.33       8.4055
      713.48       8.4055
      719.69       8.4055
      725.94       8.4055
      732.25       8.4055
      738.62       8.4807
      745.04       8.4807
      751.52       8.4807
      758.05       8.4807
      764.64       8.4807
      771.29       8.4807
         778       8.5566
      784.76       8.5566
      791.58       8.5566
      798.46       8.5566
      805.41       8.5566
      812.41       8.6332
      819.47       8.6332
       826.6       8.6332
      833.78       8.6332
      841.03       8.6332
      848.34       8.7104
      855.72       8.7104
      863.16       8.7104
      870.66       8.7104
      878.23       8.7883
      885.87       8.7883
      893.57       8.7883
      901.34       8.7883
      909.17       8.7883
      917.08        8.867
      925.05        8.867
      933.09        8.867
       941.2        8.867
      949.39        8.867
      957.64       8.9463
      965.97       8.9463
      974.37       8.9463
      982.84       9.0264
      991.38       9.1071
      1090.4       9.1886
      1099.9       9.2708
      1109.5       9.2708
      1119.1       9.2708
      1128.8       9.2708
      1138.7       9.3538
      1148.6       9.3538
      1158.5       9.3538
      1168.6       9.3538
      1178.8       9.4375
        1189       9.4375
      1199.4       9.4375
      1209.8       9.4375
      1220.3       9.5219
      1230.9       9.5219
      1241.6       9.5219
      1252.4       9.5219
      1263.3       9.6071
      1274.3       9.6071
      1285.4       9.6071
      1296.5        9.693
      1307.8        9.693
      1319.2        9.693
      1330.6        9.693
      1342.2       9.7798
      1353.9       9.7798
      1365.6       9.7798
      1377.5       9.8673
      1389.5       9.8673
      1401.6       9.8673
      1413.8       9.9556
      1426.1       9.9556
      1438.4       9.9556
        1451       10.045
      1463.6       10.045
      1476.3       10.045
      1489.1       10.135
      1502.1       10.135
      1515.1       10.135
      1528.3       10.225
      1541.6       10.225
        1555       10.225
      1568.5       10.317
      1582.2       10.317
      1595.9       10.317
      1609.8       10.409
      1623.8       10.409
      1637.9       10.409
      1652.1       10.502
      1666.5       10.502
        1681       10.502
      1695.6       10.596
      1710.3       10.596
      1725.2       10.691
      1740.2       10.691
      1755.3       10.691
      1770.6       10.787
        1786       10.787
      1801.5       10.787
      1817.2       10.883
        1833       10.883
      1848.9        10.98
        1865        10.98
      1881.2        10.98
      1897.6       11.079
      1914.1       11.079
      1930.7       11.178
      1947.5       11.178
      1964.4       11.178
      1981.5       11.278
      1998.7       11.278
      2016.1       11.379
      2033.6       11.379
      2051.3       11.481
      2069.1       11.481
      2087.1       11.481
      2105.3       11.583
      2123.6       11.583
        2142       11.687
      2160.7       11.687
      2179.4       11.791
      2198.4       11.791
      2217.5       11.897
      2236.8       11.897
      2256.2       12.003
      2275.8       12.003
      2295.6       12.111
      2315.6       12.111
      2335.7       12.111
        2356       12.219
      2376.5       12.328
      2397.2       12.328
        2418       12.328
        2439       12.439
      2460.2       12.439
      2481.6        12.55
      2503.2        12.55
        2525       12.662
      2546.9       12.662
      2569.1       12.776
      2591.4       12.776
      2613.9        12.89
      2636.7       13.005
      2659.6       13.122
      2682.7       13.239
        2706       13.358
      2729.5       13.477
      2753.3       13.719
      2777.2       13.842
      2801.4       13.966
      2825.7       14.091
      2850.3       14.217
      2875.1       14.472
      2900.1       14.602
      2925.3       14.733
      2950.7       14.864
      2976.4       14.997
      3002.2       15.132
      3028.3       15.404
      3054.7       15.541
      3081.2        15.68
        3108       15.821
        3135       15.962
      3162.3       16.105
      3189.8       16.395
      3217.5       16.541
      3245.5       16.689
      3273.7       16.839
      3302.2       16.989
      3330.9       17.141
      3359.8       17.295
        3389       17.449
      3418.5       17.605
      3448.2       17.605
      3478.2       17.763
      3508.4       17.922
      3538.9       17.922
      3569.7       18.082
      3600.7       18.082
        3632       18.244
      3663.6       18.407
      3695.5       18.407
      3727.6       18.572
        3760       18.738
      3792.7       18.738
      3825.7       18.906
      3858.9       18.906
      3892.5       19.075
      3926.3       19.246
      3960.4       19.246
      3994.9       19.418
      4029.6       19.592
      4064.6       19.592
        4100       19.767
      4135.6       19.767
      4171.6       19.944
      4207.8       20.122
      4244.4       20.122
      4281.3       20.302
      4318.6       20.484
      4356.1       20.484
        4394       20.667
      4432.2       20.667
      4470.7       20.852
      4509.6       21.039
      4548.8       21.039
      4588.3       21.227
      4628.2       21.417
      4668.5       21.417
        4709       21.417
        4750       21.417
      4791.3       21.417
      4832.9       21.417
      4874.9       21.417
      4917.3       21.417
      4960.1       21.417
      5003.2       21.417
      5046.7       21.417
      5090.6       21.417
      5134.8       21.417
      5179.5       21.417
      5224.5       21.417
      5269.9       21.417
      5315.7       21.417
        5362       21.417
      5408.6       21.417
      5455.6       21.417
        5503       21.608
      5550.9       21.997
      5599.1       22.392
      5647.8       22.593
      5696.9       22.999
      5746.4       23.412
      5796.4       23.622
      5846.8       23.622
      5897.6       23.622
      5948.9       23.833
      6000.6       23.833
      6052.8       23.833
      6105.4       23.833
      6158.5       23.833
        6212       24.046
        6266       24.046
      6320.5       24.046
      6375.5       24.046
      6430.9       24.046
      6486.8       24.046
      6543.2       24.261
      6600.1       24.261
      6657.5       24.261
      6715.3       24.261
      6773.7       24.261
      6832.6       24.478
        6892       24.478
      6951.9       24.478
      7012.4       24.478
      7073.3       24.478
      7134.8       24.478
      7196.9       24.478
      7259.4       24.478
      7322.5       24.478
      7386.2       24.478
      7450.4       24.478
      7515.2       24.478
      7580.5       24.478
      7646.4       24.478
      7712.9       24.478
        7780       24.478
      7847.6       24.478
      7915.8       24.478
      7984.6       24.478
      8054.1       24.478
      8124.1       24.478
      8194.7       24.478
        8266       24.261
      8337.8       24.261
      8410.3       24.046
      8483.4       24.046
      8557.2       24.046
      8631.6       23.833
      8706.6       23.833
      8782.3       23.622
      9170.8       23.204
      9250.5       23.204
      9330.9       23.204
        9412       22.999
      9493.9       22.999
      9576.4       22.999
      9659.7       22.795
      9743.7       22.593
       11288       20.302
       11387       20.302
       11486       20.122
       11585       19.944
       11686       19.767
       11788       19.592
       11890       19.418
       11994       19.246
       12098       19.075
       12203       18.906
       12309       18.738
       12416       18.572
       12524       18.407
       12633       18.244
       12743       18.082
       12854       17.922
       12965       17.922
       13078       17.763
       13192       17.605
       13306       17.449
       13422       17.295
       13539       17.141
       13656       16.989
       13775       16.839
       13895       16.689
       14016       16.541
       14138       16.395
       14261       16.249
       14384       16.105
       15283       14.733
       15416       14.733
       15550       14.733
       15685       14.733
       15822       14.472
       15959       14.217
       16098       14.091
       16238       13.842
       16379       13.598
       16521       13.477
       16665       13.239
       16810       13.005
       16956       12.776
       17103       12.662
       17252       12.439
       17402       12.219
       17553       12.003
       17706       11.897
       17860       11.687
       18015       11.481
       18172       11.379
       18330       11.178
       18489        10.98
       18650       10.883
       18812       10.691
       18976       10.502
       19141       10.317
       19307       10.225
       19475       10.045
       19644       9.8673
       19815       9.7798
       19987       9.6071
       20161       9.4375
       20336       9.3538
       20513       9.1886
       20691       9.0264
       20871       8.7883
       21053       8.4807
       21236       8.2571
       21420       7.9681
       21607       7.6892
       21794         7.42
       21984       7.2244
       22175       6.9715
       22368       6.7877
       22562       6.5501
       22758       6.3208
       22956       6.0996
       23156       5.9387
       23357       5.7309
       23560       5.5303
       23765       5.3367
       23972        5.196
       24180       5.0141
       24390       4.8819
       24602        4.711
       24816       4.5461
       25032       4.4262
       25250       4.2713
       25469       4.1218
       25691        4.049
       25914       3.9423
       26139       3.8726
       26367       3.8043
       26596        3.704
       26827       3.6386
       27060       3.5426
       27295       3.4801
       27533       3.4186
       27772       3.3285
       28014       3.2697
       28257       3.1835
       28503       3.1273
       28751        3.072
       29001        2.991
       29253       2.9382
       29507       2.8863
       29764       2.8102
