# H+ charge-exchange cross section with neutral metal.
# Digitized from Lin and Poppe (2025), JGR Space Physics, Fig. 2c.
# Original cited CX sources: Ebel and Salzborn (1987), Morgan et al. (1985), Rutherford and Vroom (1972).
energy(eV) cross_section(x1e-16)
      107.17       14.997
       108.1       14.997
      109.04       14.997
      109.99       14.997
      110.95       15.132
      111.91       15.267
      112.88       15.404
      113.87       15.404
      114.86       15.541
      115.85        15.68
      116.86       15.821
      117.88       15.962
       118.9       16.105
      119.94       16.249
      120.98       16.395
      122.03       16.541
      123.09       16.689
      124.16       16.839
      125.24       16.989
      126.33       16.989
      127.43       17.141
      128.54       17.295
      129.65       17.449
      130.78       17.605
      131.92       17.763
      133.06       17.922
      134.22       18.082
      135.39       18.244
      136.56       18.407
      137.75       18.572
      138.95       18.738
      140.16       18.738
      141.38       18.906
      142.61       19.075
      143.84       19.246
       145.1       19.418
      146.36       19.592
      147.63       19.767
      148.91       19.944
      150.21       20.122
      151.51       20.302
      152.83       20.484
      154.16       20.667
       155.5       20.852
      156.85       20.852
      158.22       21.039
      159.59       21.227
      160.98       21.417
      162.38       21.608
      163.79       21.802
      165.21       21.997
      166.65       22.194
       168.1       22.392
      169.56       22.593
      171.03       22.795
      172.52       22.999
      174.02       22.999
      175.53       23.204
      177.06       23.412
       178.6       23.622
      180.15       23.833
      184.89       24.918
       186.5       24.918
      188.12       24.918
      189.76       25.141
      191.41       25.366
      193.07       25.366
      194.75       25.593
      196.44       25.822
      198.15       26.053
      199.87       26.286
      201.61       26.521
      203.36       26.759
      205.13       26.998
      206.91        27.24
      208.71       27.483
      210.53       27.729
      212.36       27.977
       214.2       28.228
      216.07        28.48
      217.94       28.735
      219.84       28.992
      221.75       28.992
      223.68       29.252
      225.62       29.513
      227.58       29.777
      229.56       30.044
      231.56       30.313
      233.57       30.584
       235.6       30.858
      237.65       31.134
      239.72       31.412
       241.8       31.693
       243.9       31.977
      246.02       32.263
      248.16       32.552
      250.32       32.843
       252.5       33.137
      254.69       33.433
      256.91       33.732
      259.14       33.732
      261.39       34.034
      263.67       34.339
      265.96       34.646
      268.27       34.956
       270.6       35.269
      272.95       35.584
      275.33       35.903
      277.72       36.224
      280.14       36.548
      282.57       36.875
      285.03       37.205
      287.51       37.538
      290.01       37.874
      292.53       38.212
      295.07       38.212
      297.64       38.554
      300.22       38.899
      302.83       39.247
      305.47       39.599
      308.12       39.953
       310.8       39.953
       313.5        40.31
      316.23       40.671
      318.98       41.035
      321.75       41.402
      324.55       41.402
      327.37       41.772
      330.22       42.146
      333.09       42.523
      335.98       42.904
       338.9       43.288
      341.85       43.288
      344.82       43.675
      347.82       43.675
      350.84       44.066
      353.89       44.066
      356.97        44.46
      360.07       45.259
       363.2       45.664
      366.36       46.073
      369.55       46.485
      372.76       46.485
         376       46.901
      379.27        47.32
      382.57       47.744
      385.89       48.171
      389.25       48.171
      392.63       48.602
      396.04       49.037
      399.49       49.476
      402.96       50.365
      406.46       50.815
         410        51.27
      413.56       51.729
      417.16       52.192
      420.78       52.659
      424.44        53.13
      428.13       54.085
      431.86       54.569
      435.61       55.057
       439.4        55.55
      443.22       56.047
      447.07       56.548
      450.96       57.054
      454.88        58.08
      458.83       58.599
      462.82       59.124
      466.85       59.652
       470.9       60.186
         475       60.725
      479.13       61.268
      483.29       61.816
      487.49       62.927
      491.73        63.49
      496.01        63.49
      500.32        63.49
      504.67        63.49
      509.06       64.058
      513.48       64.058
      517.95       64.058
      522.45       64.058
      526.99       64.632
      531.57       64.632
       536.2       64.632
      540.86       64.632
      545.56        65.21
       550.3        65.21
      555.09        65.21
      559.91        65.21
      564.78       65.793
      569.69       65.793
      574.64       65.793
      579.64       65.793
      584.68       66.382
      589.76       66.382
      594.89       66.976
      600.06       67.575
      605.28       67.575
      610.54        68.18
      615.85        68.79
       621.2       69.405
       626.6       69.405
      632.05       70.026
      637.55       70.653
      643.09       71.285
      648.68       71.285
      654.32       71.923
      660.01       72.566
      665.75       73.216
      671.53       73.216
      677.37       73.871
      683.26       74.532
       689.2       74.532
      695.19       75.198
      701.24       75.871
      707.33        76.55
      713.48        76.55
      719.69       77.235
      725.94       77.926
      732.25       77.926
      738.62       78.623
      745.04       79.327
      751.52       79.327
      758.05       80.037
      764.64       80.753
      771.29       80.753
         778       81.475
      784.76       82.204
      791.58       82.204
      798.46        82.94
      805.41        82.94
      812.41       83.682
      819.47       83.682
       826.6        84.43
      833.78        84.43
      841.03       85.186
      848.34       85.186
      925.05       85.186
      933.09       85.186
       941.2       85.186
      949.39       85.186
      957.64       85.186
      965.97       85.186
      974.37       85.186
      982.84        84.43
      991.38       83.682
        1000        82.94
      1008.7       82.204
      1017.5       81.475
      1026.3       80.753
      1035.2       80.037
      1044.2       79.327
      1053.3       78.623
      1062.5       77.926
      1071.7       77.235
        1081       77.235
      1090.4       77.235
      1099.9       77.235
      1109.5       77.926
      1119.1       77.926
      1128.8       78.623
      1138.7       79.327
      1148.6       80.037
      1158.5       80.753
      1168.6       81.475
      1178.8       82.204
        1189       82.204
      1199.4       82.204
      1209.8       82.204
      1220.3       82.204
      1230.9       82.204
      1241.6       82.204
      1252.4       82.204
      1263.3       82.204
      1274.3        82.94
      1285.4        82.94
      1296.5        82.94
      1307.8        82.94
      1319.2        82.94
      1330.6        82.94
      1342.2        82.94
      1353.9        82.94
      1365.6        82.94
      1377.5       83.682
      1389.5       83.682
      1401.6       83.682
      1413.8       83.682
      1426.1       83.682
      1438.4       83.682
        1451       83.682
      1463.6       83.682
      1476.3       83.682
      1489.1       83.682
      1502.1        84.43
      1515.1        84.43
      1528.3        84.43
      1541.6        84.43
        1555        84.43
      1568.5        84.43
      1582.2        84.43
      1595.9       85.186
      1609.8       85.186
      1623.8       85.186
      1637.9       85.186
      1652.1       85.186
      1666.5       85.186
        1681       85.186
      1695.6       85.186
        1786       85.186
      1801.5       85.186
      1817.2       85.186
        1833       85.186
      1848.9       85.186
        1865       85.186
      1881.2       85.186
      1897.6       85.186
      1914.1       85.186
      1930.7       85.186
      1947.5       85.186
      1964.4       85.186
      1981.5       85.186
      1998.7        84.43
      2016.1        84.43
      2033.6        84.43
      2051.3        84.43
      2069.1        84.43
      2087.1        84.43
      2105.3        84.43
      2123.6        84.43
        2142        84.43
      2160.7       83.682
      2179.4       83.682
      2198.4       83.682
      2217.5       83.682
      2236.8       83.682
      2256.2       83.682
      2275.8       83.682
      2295.6       83.682
      2315.6       83.682
      2335.7        82.94
        2356        82.94
      2376.5        82.94
      2397.2        82.94
        2418        82.94
        2439        82.94
      2460.2        82.94
      2481.6        82.94
      2503.2        82.94
        2525        82.94
      2546.9        82.94
      2569.1       82.204
      2591.4       81.475
      2613.9       81.475
      2636.7       81.475
      2659.6       81.475
      2682.7       81.475
        2706       80.753
      2729.5       80.753
      2753.3       80.753
      2777.2       80.753
      2801.4       80.753
      2825.7       80.037
      2850.3       80.037
      2875.1       80.037
      2900.1       80.037
      2925.3       80.037
      2950.7       79.327
      2976.4       79.327
      3002.2       79.327
      3028.3       79.327
      3054.7       78.623
      3081.2       78.623
        3108       78.623
        3135       77.926
      3162.3       77.926
      3189.8       77.926
      3217.5       77.926
      3245.5       77.235
      3273.7       77.235
      3302.2       77.235
      3330.9       77.235
      3359.8        76.55
        3389        76.55
      3418.5        76.55
      3448.2       75.871
      3478.2       75.871
      3508.4       75.871
      3538.9       75.871
      3569.7       75.198
      3600.7       75.198
        3632       75.198
      3663.6       74.532
      3695.5       74.532
      3727.6       74.532
        3760       74.532
      3792.7       73.871
      3825.7       73.871
      3858.9       73.871
      3892.5       73.216
      3926.3       73.216
      3960.4       73.216
      3994.9       72.566
      4029.6       71.923
      4064.6       71.923
        4100       71.285
      4135.6       71.285
      4171.6       70.653
      4207.8       70.026
      4244.4       70.026
      4281.3       69.405
      4318.6       69.405
      4356.1        68.79
        4394        68.18
      4432.2        68.18
      4470.7       67.575
      4509.6       66.976
      4548.8       66.976
      4588.3       66.382
      4628.2       66.382
      4668.5       65.793
        4709       65.793
        4750        65.21
      4791.3       64.632
      4832.9       64.632
      4874.9       64.058
      4917.3       64.058
      4960.1        63.49
      5003.2       62.927
      5046.7       62.369
      5090.6       62.369
      5134.8       61.816
      5179.5       61.268
      5224.5       61.268
      5269.9       60.725
      5315.7       60.186
        5362       59.652
      5408.6       59.652
      5455.6       59.124
        5503       58.599
      5550.9       58.599
      5599.1        58.08
      5647.8       57.565
      5696.9       57.565
      5746.4       57.054
      5796.4       56.548
      5846.8       56.047
      5897.6       56.047
      5948.9        55.55
      6000.6       55.057
      6052.8       54.569
      6105.4       54.085
      6158.5       53.605
        6212        53.13
        6266       52.659
      6320.5       52.192
      6375.5       51.729
      6430.9        51.27
      6486.8       50.815
      6543.2       50.365
      6600.1       49.918
      6657.5       49.476
      6715.3       49.037
      6773.7       48.602
      6832.6       48.602
        6892       48.602
      6951.9       48.171
      7012.4        47.32
      7073.3       46.901
      7134.8       46.485
      7196.9       46.073
      7259.4       45.259
      7322.5        44.46
      7386.2        44.46
      7450.4       43.288
      7515.2       42.904
      7580.5       42.523
      7646.4       41.772
      7712.9       41.402
        7780       40.671
      7847.6        40.31
      7915.8       39.953
      7984.6       39.247
      8054.1       38.554
      8124.1       37.874
      8194.7       37.205
        8266       36.875
      8337.8       36.224
      8410.3       35.584
      8483.4       34.956
      8557.2       34.339
      8631.6       34.034
      8706.6       33.433
      8782.3       32.843
      8858.7       32.263
      8935.7       31.693
      9013.4       30.858
      9091.7       30.044
      9170.8       29.513
      9250.5       28.735
      9330.9       28.228
        9412       27.483
      9493.9       26.998
      9576.4       26.286
      9659.7       25.593
      9828.4       23.204
      9913.8       22.999
       10000       22.593
       10087       22.392
       10175       21.997
       10263       21.227
       10352       20.484
       10442       19.767
       10533       18.244
       10625       18.082
       10717       17.605
       10810       16.839
       10904       15.821
       10999       14.733
       11095       13.719
       11191       12.662
       11288       11.791
       11387        10.98
       11486       10.135
       11585       9.4375
       11686       8.7883
       11788       8.1113
       11890       7.5534
       11994       7.0339
       12098        6.492
       12203       6.0455
       12309       5.6297
       12416       5.2425
       12524       4.8819
       12633       4.5058
       12743       4.1959
       12854       3.9073
       12965       3.6063
       13078       3.3582
       13192       3.1273
       13306       2.9122
       13422       2.6878
       13539        2.503
       13656       2.3308
       13775       2.1705
       13895       2.0033
       14016       1.8655
       14138       1.7372
       14261       1.6177
       14384       1.4931
       14510       1.3904
       14636       1.2833
       14763       1.2057
