energy(eV) elastic (x1e-16) ionization (x1e-16) others (x1e-16)
     1.000   5.00000   0.00000   1.60529
     1.054   4.96405   0.00000   1.55674
     1.111   4.92837   0.00000   1.51063
     1.171   4.89293   0.00000   1.46643
     1.235   4.85776   0.00000   1.42240
     1.301   4.82283   0.00000   1.37906
     1.372   4.78816   0.00000   1.33569
     1.446   4.75374   0.00000   1.29461
     1.524   4.70904   0.00000   1.26393
     1.607   4.64125   0.00000   1.24004
     1.694   4.57443   0.00000   1.22211
     1.786   4.50857   0.00000   1.21576
     1.882   4.44366   0.00000   1.21915
     1.984   4.37968   0.00000   1.23202
     2.091   4.43413   0.00000   1.25811
     2.205   4.51103   0.00000   1.30511
     2.324   4.58926   0.00000   1.38695
     2.450   4.66884   0.00000   1.51448
     2.582   4.79310   0.00000   1.69940
     2.722   4.94890   0.00000   1.98143
     2.869   5.10976   0.00000   2.46345
     3.024   5.30488   0.00000   3.25332
     3.188   5.67654   0.00000   4.39874
     3.361   6.07424   0.00000   5.74301
     3.542   6.63655   0.00000   7.00041
     3.734   7.77887   0.00000   7.86619
     3.936   8.16565   0.00000   8.13403
     4.149   7.33223   0.00000   7.61740
     4.374   6.29705   0.00000   6.49600
     4.610   5.84540   0.00000   5.27328
     4.860   5.94536   0.00000   4.26462
     5.123   6.07661   0.00000   3.29981
     5.400   6.24634   0.00000   2.30265
     5.692   6.42082   0.00000   1.67007
     6.000   6.60020   0.00000   1.44406
     6.325   6.81559   0.00000   1.34725
     6.667   7.03801   0.00000   1.29563
     7.028   7.27303   0.00000   1.26788
     7.408   7.58349   0.00000   1.24553
     7.809   7.90720   0.00000   1.23152
     8.232   8.28034   0.00364   1.21430
     8.677   8.70272   0.04986   1.20864
     9.147   9.14665   0.13358   1.20944
     9.642   9.61322   0.21262   1.13008
    10.164  10.04126   0.28367   1.00663
    10.714  10.34349   0.34957   0.89116
    11.293  10.65482   0.42866   0.84771
    11.904  10.97551   0.51750   0.84098
    12.549  11.30586   0.60435   0.93203
    13.228  11.64615   0.68411   1.07031
    13.943  11.99668   0.75343   1.28462
    14.698  12.35777   0.81343   1.48560
    15.493  12.59815   0.86593   1.65559
    16.332  12.75963   0.91047   1.78092
    17.216  12.92318   0.94485   1.95807
    18.147  13.08883   0.96939   2.08753
    19.129  13.25660   0.99021   2.18973
    20.164  13.40728   1.01221   2.28462
    21.255  13.45427   1.03120   2.42087
    22.406  13.50143   1.04601   2.55851
    23.618  13.54875   1.05813   2.68344
    24.896  13.59624   1.06789   2.83334
    26.243  13.54646   1.07603   3.00157
    27.664  13.48858   1.07758   3.17094
    29.161  13.43094   1.07453   3.33187
    30.739  13.26619   1.06317   3.47643
    32.402  12.98080   1.04417   3.61120
    34.155  12.70155   1.01850   3.73742
    36.004  12.42830   0.98966   3.86266
    37.952  12.16094   0.95895   3.98958
    40.006  11.89908   0.92460   4.11159
    42.170  11.55249   0.88507   4.22226
    44.452  11.21599   0.84225   4.32302
    46.858  10.88930   0.80020   4.42020
    49.393  10.57212   0.76200   4.51848
    52.066  10.29307   0.73016   4.61750
    54.884  10.02988   0.70203   4.72300
    57.854   9.77342   0.67128   4.82513
    60.985   9.52681   0.63871   4.91364
    64.285   9.29361   0.61009   4.98611
    67.763   9.06613   0.58275   5.04619
    71.430   8.84421   0.55664   5.10154
    75.296   8.62772   0.53170   5.15633
    79.370   8.41654   0.50788   5.20722
    83.665   8.21052   0.48513   5.25173
    88.192   8.00954   0.46341   5.28555
    92.965   7.81349   0.44266   5.30505
    97.996   7.62223   0.42284   5.31836
   103.298   7.41055   0.40391   5.32605
   108.888   7.18955   0.38583   5.31722
   114.781   6.97514   0.36856   5.28915
   120.992   6.76713   0.35207   5.25163
   127.539   6.56532   0.33631   5.21713
   134.441   6.36953   0.32127   5.17606
   141.716   6.17957   0.30689   5.12200
   149.385   5.99529   0.29317   5.05215
   157.468   5.81649   0.28005   4.97694
   165.990   5.64303   0.26753   4.90612
   174.972   5.47475   0.25557   4.83166
   184.440   5.31148   0.24414   4.75034
   194.421   5.15308   0.23323   4.66248
   204.942   4.99892   0.22280   4.57077
   216.032   4.84882   0.21284   4.47631
   227.722   4.70323   0.20333   4.38096
   240.045   4.56202   0.19425   4.28410
   253.035   4.42504   0.18557   4.18647
   266.727   4.29218   0.17728   4.08885
   281.161   4.16330   0.16936   3.98859
   296.376   4.03829   0.16180   3.88281
   312.414   3.91619   0.15457   3.77195
   329.319   3.79753   0.14767   3.65350
   347.140   3.68246   0.14107   3.54163
   365.925   3.57088   0.13478   3.44526
   385.727   3.46269   0.12876   3.36410
   406.600   3.35810   0.12301   3.28072
   428.602   3.25741   0.11752   3.18307
   451.795   3.15973   0.11228   3.07306
   476.244   3.06499   0.10727   2.95827
   502.015   2.97303   0.10248   2.84548
   529.181   2.88323   0.09791   2.74091
   557.817   2.79615   0.09355   2.65076
   588.002   2.71169   0.08937   2.56832
   619.821   2.62977   0.08539   2.49113
   653.362   2.55033   0.08158   2.41252
   688.718   2.47328   0.07794   2.33296
   725.987   2.39660   0.07447   2.25243
   765.273   2.32145   0.07115   2.16838
   806.684   2.24906   0.06798   2.08648
   850.337   2.18100   0.06495   2.00722
   896.352   2.11500   0.06206   1.92885
   944.857   2.05373   0.05929   1.84564
   995.986   1.99445   0.05665   1.76122
  1049.883   1.93447   0.05413   1.75093
  1106.696   1.87718   0.05172   1.69119
  1166.583   1.82159   0.04941   1.63356
  1229.711   1.76765   0.04721   1.57796
  1296.255   1.71530   0.04511   1.52431
  1366.400   1.66450   0.04310   1.47254
  1440.341   1.61521   0.04118   1.42259
  1518.283   1.56738   0.03935   1.37440
  1600.443   1.52096   0.03760   1.32788
  1687.049   1.47592   0.03593   1.28300
  1778.341   1.43221   0.03433   1.23968
  1874.573   1.38979   0.03280   1.19788
  1976.013   1.34864   0.03134   1.15753
  2082.943   1.30870   0.02995   1.11859
  2195.658   1.26994   0.02861   1.08100
  2314.473   1.23233   0.02734   1.04472
  2439.718   1.19584   0.02613   1.00969
  2571.740   1.16043   0.02496   0.97589
  2710.906   1.12606   0.02385   0.94325
  2857.603   1.09271   0.02279   0.91174
  3012.238   1.06035   0.02178   0.88133
  3175.241   1.02895   0.02081   0.85196
  3347.065   0.99848   0.01989   0.82360
  3528.187   0.96891   0.01900   0.79623
  3719.110   0.94022   0.01816   0.76979
  3920.365   0.91237   0.01735   0.74427
  4132.510   0.88536   0.01658   0.71962
  4356.135   0.85914   0.01584   0.69581
  4591.861   0.83369   0.01514   0.67283
  4840.344   0.80900   0.01447   0.65062
  5102.272   0.78505   0.01383   0.62918
  5378.375   0.76180   0.01321   0.60847
  5669.418   0.73924   0.01263   0.58847
  5976.211   0.71735   0.01207   0.56915
  6299.605   0.69610   0.01153   0.55049
  6640.500   0.67549   0.01102   0.53246
  6999.841   0.65548   0.01053   0.51504
  7378.628   0.63607   0.01006   0.49822
  7777.913   0.61724   0.00962   0.48196
  8198.804   0.59896   0.00919   0.46626
  8642.471   0.58122   0.00878   0.45108
  9110.146   0.56401   0.00839   0.43642
  9603.129   0.54730   0.00802   0.42226
 10122.789   0.53110   0.00766   0.40857
 10670.570   0.51537   0.00732   0.39534
 11247.994   0.50011   0.00700   0.38255
 11856.663   0.48530   0.00669   0.37020
 12498.271   0.47092   0.00639   0.35826
 13174.597   0.45698   0.00611   0.34672
 13887.523   0.44345   0.00584   0.33557
 14639.027   0.43031   0.00558   0.32479
 15431.198   0.41757   0.00533   0.31437
 16266.236   0.40520   0.00510   0.30429
 17146.461   0.39320   0.00487   0.29456
 18074.318   0.38156   0.00465   0.28514
 19052.386   0.37026   0.00445   0.27604
 20083.379   0.35929   0.00425   0.26724
 21170.164   0.34865   0.00406   0.25874
 22315.758   0.33833   0.00388   0.25051
 23523.345   0.32831   0.00371   0.24256
 24796.279   0.31859   0.00355   0.23487
 26138.095   0.30915   0.00339   0.22743
 27552.523   0.30000   0.00324   0.22024
 29043.490   0.29111   0.00310   0.21328
 30615.138   0.28249   0.00296   0.20656
 32271.835   0.27413   0.00283   0.20005
 34018.181   0.26601   0.00270   0.19376
 35859.028   0.25813   0.00258   0.18768
 37799.491   0.25049   0.00247   0.18179
 39844.958   0.24307   0.00236   0.17609
 42001.114   0.23587   0.00226   0.17059
 44273.947   0.22889   0.00216   0.16526
 46669.771   0.22211   0.00206   0.16010
 49195.241   0.21553   0.00197   0.15511
 51857.375   0.20915   0.00188   0.15029
 54663.565   0.20295   0.00180   0.14562
 57621.610   0.19694   0.00172   0.14110
 60739.724   0.19111   0.00164   0.13673
 64026.571   0.18545   0.00157   0.13250
 67491.281   0.17996   0.00150   0.12840
 71143.480   0.17463   0.00143   0.12444
 74993.312   0.16946   0.00137   0.12061
 79051.472   0.16444   0.00131   0.11690
 83329.235   0.15957   0.00125   0.11331
 87838.482   0.15484   0.00120   0.10983
 92591.742   0.15026   0.00114   0.10646
 97602.217   0.14581   0.00109   0.10320
102883.827   0.14149   0.00105   0.10005
108451.245   0.13730   0.00100   0.09700
114319.936   0.13323   0.00096   0.09404
120506.203   0.12929   0.00091   0.09118
127027.231   0.12546   0.00087   0.08841
133901.136   0.12175   0.00083   0.08573
141147.013   0.11814   0.00080   0.08313
148784.990   0.11464   0.00076   0.08061
156836.286   0.11125   0.00073   0.07818
165323.267   0.10795   0.00070   0.07582
174269.510   0.10475   0.00067   0.07353
183699.866   0.10165   0.00064   0.07132
193640.533   0.09864   0.00061   0.06918
204119.125   0.09572   0.00058   0.06710
215164.753   0.09289   0.00056   0.06509
226808.099   0.09014   0.00053   0.06314
239081.509   0.08747   0.00051   0.06126
252019.078   0.08488   0.00049   0.05943
265656.745   0.08236   0.00046   0.05766
280032.397   0.07992   0.00044   0.05594
295185.967   0.07756   0.00042   0.05428
311159.551   0.07526   0.00041   0.05267
327997.525   0.07303   0.00039   0.05111
345746.662   0.07087   0.00037   0.04960
364456.270   0.06877   0.00035   0.04813
384178.322   0.06673   0.00034   0.04671
404967.607   0.06476   0.00032   0.04534
426881.875   0.06284   0.00031   0.04400
449982.003   0.06098   0.00030   0.04271
474332.164   0.05917   0.00028   0.04146
500000.000   0.05742   0.00027   0.04024
