# Smoothed digitization from Lin and Poppe (2025), JGR Space Physics, Fig. 2b.
# Original cited EI source: Bartlett and Stelbovics (2002, 2004).
energy(eV) ionization(x1e-16)
      6.5106      0.28903
      6.6864      0.36453
      6.8669      0.45365
      7.0523      0.55729
      7.2427      0.67613
      7.4383      0.81051
      7.6391      0.96045
      7.8453       1.1256
      8.0571       1.3051
      8.2747        1.498
      8.4981       1.7027
      8.7275       1.9178
      8.9631       2.1413
      9.2051         2.37
      9.4536       2.6018
      9.7089       2.8349
       9.971        3.067
       10.24       3.2976
      10.517       3.5255
      10.801       3.7486
      11.092       3.9672
      11.392       4.1821
      11.699       4.3936
      12.015       4.6025
      12.339       4.8095
      12.673       5.0156
      13.015       5.2213
      13.366       5.4271
      13.727       5.6334
      14.098       5.8401
      14.478       6.0465
      14.869       6.2518
       15.27       6.4529
      15.683       6.6473
      16.106       6.8364
      16.541       7.0186
      16.988       7.1927
      17.446       7.3587
      17.917       7.5138
      18.401       7.6557
      18.898       7.7877
      19.408       7.9099
      19.932       8.0221
       20.47       8.1247
      21.023       8.2181
       21.59       8.3023
      22.173       8.3774
      22.772       8.4437
      23.387       8.5018
      24.018       8.5524
      24.666       8.5953
      25.332       8.6309
      26.016       8.6593
      26.719       8.6801
       27.44       8.6933
      28.181       8.6982
      28.942       8.6949
      29.723       8.6838
      30.525       8.6645
       31.35       8.6368
      32.196       8.6024
      33.065       8.5616
      33.958       8.5143
      34.875       8.4607
      35.816        8.401
      36.783       8.3353
      37.776       8.2643
      38.796       8.1884
      39.844       8.1087
      40.919       8.0258
      42.024       7.9396
      43.159       7.8508
      44.324       7.7596
       45.52       7.6662
      46.749       7.5708
      48.012       7.4738
      49.308       7.3758
      50.639       7.2772
      52.006       7.1781
       53.41       7.0784
      54.852       6.9786
      56.333       6.8786
      57.854       6.7782
      59.416       6.6777
       61.02       6.5773
      62.667       6.4774
      64.359       6.3781
      66.097       6.2797
      67.881       6.1824
      69.714       6.0858
      71.596       5.9894
      73.529       5.8931
      75.514       5.7965
      77.553       5.6995
      79.647        5.602
      81.797       5.5041
      84.005       5.4056
      86.273       5.3069
      88.603       5.2078
      90.995       5.1086
      93.451       5.0095
      95.974       4.9107
      98.566       4.8127
      101.23       4.7159
      103.96       4.6205
      106.77       4.5271
      109.65       4.4357
      112.61       4.3465
      115.65       4.2594
      118.77       4.1739
      121.98       4.0903
      125.27       4.0083
      128.65       3.9279
      132.13       3.8491
      135.69       3.7719
      139.36       3.6964
      143.12       3.6223
      146.98       3.5498
      150.95       3.4787
      155.03       3.4092
      159.21       3.3412
      163.51       3.2747
      167.93       3.2097
      172.46       3.1463
      177.12       3.0843
       181.9       3.0237
      186.81       2.9644
      191.85       2.9062
      197.03       2.8488
      202.35       2.7922
      207.81       2.7364
      213.42       2.6812
      219.19       2.6266
       225.1       2.5728
      231.18       2.5196
      237.42       2.4671
      243.83       2.4154
      250.42       2.3644
      257.18       2.3143
      264.12       2.2651
      271.25       2.2168
      278.57       2.1696
      286.09       2.1235
      293.82       2.0785
      301.75       2.0346
       309.9       1.9916
      318.26       1.9496
      326.86       1.9084
      335.68        1.868
      344.74       1.8285
      354.05       1.7898
      363.61       1.7519
      373.43       1.7148
      383.51       1.6785
      393.86        1.643
       404.5       1.6081
      415.42        1.574
      426.63       1.5407
      438.15        1.508
      449.98        1.476
      462.13       1.4446
      474.61       1.4139
      487.42       1.3839
      500.58       1.3544
      514.09       1.3256
      527.97       1.2974
      542.23       1.2697
      556.87       1.2427
       571.9       1.2161
      587.34       1.1901
       603.2       1.1647
      619.48       1.1397
      636.21       1.1153
      653.38       1.0913
      671.02       1.0679
      689.14       1.0449
      707.75       1.0223
      726.85       1.0003
      746.48      0.97867
      766.63      0.95748
      787.33      0.93675
      808.58      0.91644
      830.42      0.89656
      852.83      0.87712
      875.86      0.85809
      899.51      0.83947
      923.79      0.82126
      948.73      0.80344
      974.35      0.78602
      1000.7        0.769
      1027.7      0.75233
      1055.4      0.73604
      1083.9       0.7201
      1113.2      0.70448
      1143.2      0.68918
      1174.1      0.67419
      1205.8      0.65949
      1238.3      0.64508
      1271.8      0.63094
      1306.1      0.61706
      1341.4      0.60342
      1377.6      0.59002
      1414.8      0.57687
        1453      0.56394
      1492.2      0.55123
      1532.5      0.53874
      1573.9      0.52647
      1616.4      0.51441
        1660      0.50256
      1704.8      0.49092
      1750.8      0.47949
      1798.1      0.46826
      1846.6      0.45725
      1896.5      0.44643
      1947.7      0.43582
      2000.3      0.42541
      2054.3      0.41521
      2109.8      0.40521
      2166.7      0.39542
      2225.2      0.38583
      2285.3      0.37645
        2347      0.36729
      2410.4      0.35832
      2475.4      0.34957
      2542.3      0.34102
      2610.9      0.33267
      2681.4      0.32453
      2753.8      0.31659
      2828.1      0.30886
      2904.5      0.30132
      2982.9      0.29398
      3063.4      0.28684
      3146.1      0.27988
      3231.1      0.27312
      3318.3      0.26654
      3407.9      0.26015
      3499.9      0.25393
      3594.4       0.2479
      3691.4      0.24203
      3791.1      0.23634
