energy(eV) ionization(x1e-16)
    11.000      0.15876
    12.000      0.24099
    13.000      0.30186
    14.000      0.35119
    14.500      0.37280
    15.000      0.39256
    16.000      0.42786
    17.000      0.45828
    18.000      0.48468
    19.000      0.50768
    20.000      0.52779
    21.000      0.54540
    22.000      0.56084
    23.000      0.57439
    24.000      0.58627
    26.000      0.60580
    28.000      0.62069
    30.000      0.63189
    32.000      0.64013
    34.000      0.64597
    36.000      0.64986
    38.000      0.65216
    40.000      0.65315
    45.000      0.65130
    50.000      0.64520
    55.000      0.63647
    60.000      0.62615
    65.000      0.61489
    70.000      0.60315
    75.000      0.59121
    80.000      0.57929
    85.000      0.56750
    90.000      0.55593
    95.000      0.54465
   100.000      0.53369
   110.000      0.51276
   120.000      0.49322
   130.000      0.47500
   140.000      0.45805
   150.000      0.44227
   160.000      0.42756
   170.000      0.41383
   180.000      0.40100
   190.000      0.38898
   200.000      0.37771
   250.000      0.33045
   300.000      0.29445
   350.000      0.26607
   400.000      0.24309
   450.000      0.22408
   500.000      0.20807
   600.000      0.18254
   700.000      0.16303
   800.000      0.14760
   900.000      0.13505
  1000.000      0.12463
  1500.000      0.09094
  2000.000      0.07236
  3000.000      0.05214
