# Smoothed digitization from Lin and Poppe (2025), JGR Space Physics, Fig. 2b.
# Original cited EI source: Bartlett and Stelbovics (2002, 2004).
energy(eV) ionization(x1e-16)
      6.2508      0.28391
       6.451      0.41035
      6.6576      0.57737
      6.8708       0.7916
      7.0909       1.0586
       7.318       1.3823
      7.5524        1.764
      7.7942       2.2023
      8.0439       2.6926
      8.3015       3.2271
      8.5674       3.7951
      8.8418       4.3835
      9.1249       4.9773
      9.4172        5.561
      9.7188       6.1205
       10.03        6.643
      10.351       7.1183
      10.683       7.5395
      11.025       7.9031
      11.378       8.2093
      11.742       8.4597
      12.119       8.6569
      12.507       8.8072
      12.907       8.9182
      13.321       8.9981
      13.747       9.0542
      14.187       9.0929
      14.642       9.1196
      15.111       9.1383
      15.595       9.1521
      16.094       9.1624
       16.61       9.1691
      17.142       9.1725
      17.691       9.1721
      18.257       9.1682
      18.842       9.1596
      19.445       9.1456
      20.068       9.1259
      20.711       9.0996
      21.374       9.0663
      22.059       9.0242
      22.765       8.9729
      23.494       8.9143
      24.247       8.8494
      25.023       8.7787
      25.825       8.7025
      26.652       8.6211
      27.505       8.5349
      28.386       8.4442
      29.296       8.3496
      30.234       8.2511
      31.202       8.1492
      32.201       8.0444
      33.233        7.937
      34.297       7.8275
      35.396       7.7166
      36.529       7.6045
      37.699       7.4918
      38.906       7.3785
      40.153       7.2648
      41.438       7.1511
      42.766       7.0378
      44.135       6.9252
      45.549       6.8134
      47.008       6.7026
      48.513        6.593
      50.067       6.4843
       51.67       6.3768
      53.325       6.2706
      55.033       6.1657
      56.796       6.0623
      58.615       5.9603
      60.492       5.8597
      62.429       5.7608
      64.429       5.6635
      66.492       5.5681
      68.622       5.4744
       70.82       5.3825
      73.088       5.2923
      75.429       5.2037
      77.844       5.1171
      80.337       5.0323
       82.91       4.9493
      85.566       4.8679
      88.306       4.7883
      91.134       4.7104
      94.053        4.634
      97.065       4.5594
      100.17       4.4865
      103.38       4.4151
      106.69       4.3452
      110.11       4.2766
      113.64       4.2095
      117.28       4.1436
      121.03       4.0789
      124.91       4.0155
      128.91       3.9531
      133.04       3.8918
       137.3       3.8314
       141.7       3.7718
      146.23       3.7131
      150.92        3.655
      155.75       3.5977
      160.74        3.541
      165.89       3.4847
       171.2        3.429
      176.68       3.3736
      182.34       3.3188
      188.18       3.2643
      194.21       3.2103
      200.43       3.1567
      206.85       3.1035
      213.47       3.0507
      220.31       2.9983
      227.37       2.9462
      234.65       2.8946
      242.16       2.8435
      249.92       2.7927
      257.92       2.7422
      266.18       2.6923
      274.71       2.6426
      283.51       2.5934
      292.59       2.5445
      301.96        2.496
      311.63       2.4478
      321.61       2.4001
      331.91       2.3528
      342.54       2.3059
      353.51       2.2595
      364.83       2.2136
      376.52       2.1681
      388.57       2.1232
      401.02       2.0788
      413.86        2.035
      427.12       1.9917
       440.8       1.9491
      454.91        1.907
      469.48       1.8656
      484.52       1.8248
      500.04       1.7846
      516.05        1.745
      532.58        1.706
      549.64       1.6676
      567.24       1.6298
      585.41       1.5926
      604.16       1.5559
      623.51       1.5199
      643.48       1.4846
      664.09       1.4498
      685.35       1.4158
       707.3       1.3823
      729.96       1.3496
      753.34       1.3174
      777.46        1.286
      802.36       1.2553
      828.06       1.2252
      854.58       1.1959
      881.95       1.1672
       910.2       1.1391
      939.35       1.1117
      969.43       1.0848
      1000.5       1.0586
      1032.5       1.0329
      1065.6       1.0078
      1099.7      0.98326
      1134.9      0.95926
      1171.3       0.9358
      1208.8      0.91288
      1247.5      0.89048
      1287.5      0.86859
      1328.7      0.84718
      1371.3      0.82628
      1415.2      0.80586
      1460.5      0.78592
      1507.3      0.76643
      1555.6      0.74741
      1605.4      0.72883
      1656.8      0.71067
      1709.8      0.69293
      1764.6      0.67559
      1821.1      0.65864
      1879.5      0.64209
      1939.6       0.6259
      2001.8      0.61006
      2065.9      0.59458
        2132      0.57944
      2200.3      0.56466
      2270.8      0.55023
      2343.5      0.53612
      2418.6      0.52233
        2496      0.50887
        2576      0.49574
      2658.5      0.48292
      2743.6      0.47043
      2831.5      0.45823
      2922.2      0.44635
      3015.8      0.43475
      3112.4      0.42344
        3212       0.4124
      3314.9      0.40164
      3421.1      0.39114
      3530.6      0.38091
      3643.7      0.37092
      3760.4      0.36119
      3880.9       0.3517
      4005.1      0.34244
      4133.4      0.33342
      4265.8      0.32461
      4402.4      0.31603
      4543.4      0.30766
      4688.9      0.29955
      4839.1      0.29168
      4994.1      0.28403
        5154      0.27662
      5319.1      0.26942
      5489.5      0.26243
      5665.3      0.25564
      5846.7      0.24904
        6034      0.24261
      6227.2      0.23634
      6426.7      0.23022
      6632.5      0.22424
      6844.9      0.21836
      7064.1       0.2126
      7290.4      0.20692
      7523.9      0.20132
      7764.8       0.1958
      8013.5      0.19035
      8270.2      0.18496
        8535      0.17964
      8808.4       0.1744
      9090.5      0.16922
      9381.6       0.1641
      9682.1      0.15904
      9992.2      0.15404
       10312      0.14911
       10643      0.14423
       10983      0.13941
       11335      0.13465
       11698      0.12994
