18.6007	1.1370000e-20
18.9765	1.2070000e-20
19.3599	1.2820000e-20
19.751	1.3610000e-20
20.15	1.4450000e-20
20.557	1.5350000e-20
20.9723	1.6300000e-20
21.396	1.7300000e-20
21.8282	1.8370000e-20
22.2691	1.9510000e-20
22.719	2.0720000e-20
23.178	2.2000000e-20
23.6462	2.3360000e-20
24.1239	2.4800000e-20
24.6112	2.6330000e-20
25.1084	2.7960000e-20
25.6156	2.9690000e-20
26.1331	3.1530000e-20
26.661	3.3480000e-20
27.1996	3.5550000e-20
27.7491	3.7750000e-20
28.3096	4.0080000e-20
28.8815	4.2560000e-20
29.465	4.5190000e-20
30.0602	4.7980000e-20
30.6674	5.0950000e-20
31.287	5.4100000e-20
31.919	5.7450000e-20
32.5638	6.1000000e-20
33.2217	6.4770000e-20
33.8928	6.8780000e-20
34.5774	7.3030000e-20
35.276	7.7550000e-20
35.9886	8.2340000e-20
36.7156	8.7430000e-20
37.4573	9.2840000e-20
40.79	9.8700000e-20
55.6424	1.3100000e-19
63.3287	1.5710000e-19
73.4789	2.0880000e-19
81.297	2.6230000e-19
89.2065	3.4400000e-19
98.8211	4.7410000e-19
110.7585	6.5980000e-19
119.4135	8.4610000e-19
129.5357	1.1600000e-18
139.3945	1.5570000e-18
139.3974	1.3960000e-18
139.4584	1.3010000e-18
139.5221	9.7120000e-19
139.5409	9.4120000e-19
139.5598	1.0170000e-18
139.5694	1.1140000e-18
139.579	1.2730000e-18
139.5887	1.5200000e-18
139.5985	1.8840000e-18
139.6182	2.8190000e-18
139.6281	3.0590000e-18
139.6381	2.9930000e-18
139.6583	2.4740000e-18
139.6788	2.0520000e-18
139.7101	1.7210000e-18
139.7635	1.5150000e-18
139.8875	1.4200000e-18
139.9837	1.3220000e-18
140.0723	9.8660000e-19
140.0985	9.5480000e-19
140.125	1.0300000e-18
140.1384	1.1270000e-18
140.1519	1.2840000e-18
140.1655	1.5270000e-18
140.1791	1.8870000e-18
140.2068	2.8460000e-18
140.2208	3.1190000e-18
140.2349	3.0720000e-18
140.2634	2.5380000e-18
140.2923	2.0950000e-18
140.3365	1.7510000e-18
140.4123	1.5410000e-18
140.5895	1.4470000e-18
140.7281	1.3500000e-18
140.8568	1.0070000e-18
140.8949	9.7420000e-19
140.9336	1.0520000e-18
140.9532	1.1510000e-18
140.973	1.3090000e-18
140.9929	1.5520000e-18
141.013	1.9120000e-18
141.0537	2.9020000e-18
141.0743	3.2080000e-18
141.095	3.1780000e-18
141.1371	2.6200000e-18
141.1798	2.1510000e-18
141.2453	1.7920000e-18
141.3582	1.5780000e-18
141.5992	1.4910000e-18
141.8351	1.3920000e-18
141.9747	1.1400000e-18
142.0616	1.0070000e-18
142.1209	1.0290000e-18
142.1814	1.1940000e-18
142.212	1.3580000e-18
142.243	1.6070000e-18
142.2742	1.9740000e-18
142.3376	3.0070000e-18
142.3697	3.3490000e-18
142.4022	3.3310000e-18
142.5015	2.4490000e-18
142.5694	2.0660000e-18
142.6737	1.7850000e-18
142.8177	1.6370000e-18
143.2046	1.5550000e-18
143.5891	1.4560000e-18
143.8194	1.1890000e-18
143.9638	1.0490000e-18
144.0628	1.0830000e-18
144.1641	1.2740000e-18
144.2156	1.4530000e-18
144.2677	1.7190000e-18
144.3203	2.1050000e-18
144.4275	3.2040000e-18
144.4821	3.5870000e-18
144.5373	3.5750000e-18
144.7067	2.5930000e-18
144.8231	2.1780000e-18
145.0029	1.8850000e-18
145.2531	1.7380000e-18
146.234	1.6550000e-18
146.712	1.5290000e-18
147.141	1.1980000e-18
147.321	1.1150000e-18
147.5061	1.1820000e-18
147.6965	1.4360000e-18
147.7938	1.6530000e-18
147.8924	1.9590000e-18
147.9925	2.3870000e-18
148.1971	3.5860000e-18
148.3016	4.0210000e-18
148.4077	4.0170000e-18
148.7357	2.8730000e-18
148.9626	2.4030000e-18
149.1966	2.1630000e-18
149.6867	1.9690000e-18
152.1623	1.8680000e-18
153.0377	1.6930000e-18
153.7971	1.3290000e-18
154.1983	1.2100000e-18
154.4046	1.2460000e-18
154.6149	1.3660000e-18
154.8292	1.5690000e-18
155.0477	1.8430000e-18
155.4976	2.6080000e-18
155.9654	3.7410000e-18
156.4524	4.9160000e-18
156.7033	5.0390000e-18
156.9594	4.7380000e-18
157.4877	3.7610000e-18
158.0386	3.1080000e-18
158.6134	2.7780000e-18
159.8405	2.5380000e-18
161.1	9.1924600e-21
161.13	1.0533400e-19
161.161	2.0147600e-19
161.224	6.4376000e-19
161.255	7.3990200e-19
161.286	9.3219800e-19
161.347	9.7063600e-19
161.438	8.8406200e-19
161.5	9.4173100e-19
161.53	1.0378700e-18
161.561	1.1340100e-18
161.592	1.3263100e-18
161.623	1.4224500e-18
161.655	1.7685900e-18
161.746	1.5377900e-18
161.776	1.4416200e-18
161.806	1.3454600e-18
161.836	1.2492900e-18
161.866	1.0569700e-18
161.867	1.1531300e-18
161.897	9.6080900e-19
161.927	8.6464400e-19
161.988	7.6846600e-19
162.018	6.8191600e-19
162.079	5.8573900e-19
162.109	4.8957300e-19
162.231	4.2221900e-19
162.292	5.0873400e-19
162.323	6.0487600e-19
162.354	7.0101800e-19
162.385	7.9716000e-19
162.448	1.4798300e-18
162.479	1.6721200e-18
162.542	2.2874800e-18
162.543	2.7394100e-18
162.573	2.3836300e-18
162.604	2.5759200e-18
162.665	2.5278200e-18
162.695	2.4316600e-18
162.755	2.0758600e-18
162.785	1.8835400e-18
162.786	1.9797000e-18
162.815	1.7873800e-18
162.845	1.5950600e-18
162.846	1.6912100e-18
162.876	1.4988900e-18
162.906	1.3065700e-18
162.936	1.2104100e-18
162.966	1.1142400e-18
162.996	1.0180800e-18
163.027	9.2191300e-19
163.057	8.2574700e-19
163.087	7.2958200e-19
163.117	6.4303200e-19
163.148	5.4686600e-19
163.238	2.1029300e-19
163.299	1.1411600e-19
163.36	2.7553900e-20
163.483	2.4866000e-19
163.514	4.4095600e-19
163.545	6.3325200e-19
163.576	8.2554800e-19
163.64	1.7486000e-18
163.671	1.8447400e-18
163.672	2.1332000e-18
163.703	2.2293500e-18
163.766	3.0562400e-18
163.769	3.9889300e-18
163.797	3.1523900e-18
163.861	4.0754400e-18
163.922	4.1715700e-18
164.014	4.0561500e-18
164.042	3.3830600e-18
164.044	3.9599800e-18
164.072	3.2869000e-18
164.103	3.1907300e-18
164.282	1.8541200e-18
164.312	1.6618000e-18
164.341	1.3733300e-18
164.342	1.4694800e-18
164.371	1.1810100e-18
164.372	1.2771600e-18
164.401	9.8869200e-19
164.492	5.3673400e-19
164.522	4.4056900e-19
164.583	3.4439100e-19
164.613	2.4822600e-19
164.674	1.5204900e-19
164.734	7.5102100e-20
164.918	3.6570100e-20
165.071	1.9997300e-19
165.132	2.9610300e-19
165.194	3.9223300e-19
165.224	4.8837500e-19
165.255	5.7490200e-19
165.317	6.7103200e-19
165.347	7.6717400e-19
165.378	8.6331600e-19
165.409	9.5945800e-19
165.44	1.0556000e-18
165.471	1.1517400e-18
165.502	1.3440400e-18
165.533	1.4401800e-18
165.564	1.6324800e-18
165.627	2.3632200e-18
165.628	2.4593700e-18
165.658	2.5555200e-18
165.659	2.6516700e-18
165.69	2.8439700e-18
165.753	3.6612500e-18
165.784	3.7573900e-18
165.785	3.8535400e-18
165.815	3.9496900e-18
165.816	4.0458400e-18
165.846	4.1419800e-18
165.877	4.0842800e-18
165.907	3.9881100e-18
166.055	2.3438300e-18
166.085	2.1515100e-18
166.115	1.9591900e-18
166.145	1.7668700e-18
166.175	1.5745500e-18
166.205	1.3822300e-18
166.235	1.2860600e-18
166.265	1.1899000e-18
166.295	1.0937300e-18
166.326	9.9756700e-19
166.356	9.0140200e-19
166.386	8.0523600e-19
166.416	7.0907100e-19
166.447	6.1290500e-19
166.477	5.2635500e-19
166.538	4.3017800e-19
166.598	3.3400100e-19
166.782	3.5316100e-19
166.965	3.7232100e-19
167.118	2.8572400e-19
167.362	3.0486100e-19
167.454	3.9136400e-19
167.546	4.8748200e-19
167.607	5.7399700e-19
167.669	6.7012700e-19
167.73	7.6625800e-19
167.791	8.6238800e-19
167.853	9.5851800e-19
167.883	1.0546600e-18
167.945	1.1411800e-18
167.976	1.2373200e-18
168.037	1.3334500e-18
168.068	1.5257400e-18
168.099	1.6218800e-18
168.13	1.7180300e-18
168.161	1.8141700e-18
168.192	1.9103100e-18
168.254	2.2468300e-18
168.284	2.3429700e-18
168.315	2.4391100e-18
168.316	2.5352600e-18
168.346	2.6314100e-18
168.377	2.7275500e-18
168.408	2.8236900e-18
168.439	2.9198300e-18
168.47	3.0159700e-18
168.501	3.1121200e-18
168.562	3.2082500e-18
168.593	3.2947700e-18
168.624	3.3909100e-18
168.716	3.4870300e-18
168.838	3.4581400e-18
168.899	3.3715800e-18
168.929	3.2754100e-18
168.959	3.1792500e-18
168.989	2.9869300e-18
169.019	2.8907600e-18
169.049	2.7946000e-18
169.08	2.6984300e-18
169.11	2.6022700e-18
169.14	2.4099500e-18
169.17	2.3137800e-18
169.2	2.2176200e-18
169.231	2.1214500e-18
169.261	2.0252800e-18
169.291	1.9291200e-18
169.321	1.8425700e-18
169.382	1.7463900e-18
169.474	1.6502000e-18
169.504	1.5540400e-18
169.565	1.4578600e-18
169.595	1.3616900e-18
169.656	1.2655200e-18
169.686	1.1789700e-18
169.747	1.0827900e-18
169.777	9.8662400e-19
169.807	8.9045900e-19
169.899	7.9427000e-19
169.959	6.9809300e-19
170.051	6.1151900e-19
170.142	5.1533000e-19
170.233	4.2875600e-19
170.386	3.5177500e-19
170.508	4.3826600e-19
170.57	5.3439600e-19
170.692	6.0165700e-19
170.783	5.0546800e-19
170.875	4.1889400e-19
171.088	3.6112000e-19
171.363	3.4178300e-19
171.486	4.2827500e-19
171.639	5.1475400e-19
171.761	6.0124600e-19
171.945	6.7809800e-19
172.098	7.5496200e-19
172.22	8.4145400e-19
172.465	8.9905200e-19
172.709	8.7011200e-19
172.984	8.8923700e-19
173.136	8.1225500e-19
173.35	7.4486500e-19
173.563	6.7747600e-19
173.746	6.0048200e-19
173.93	6.6771900e-19
174.052	7.5421100e-19
174.236	7.3490900e-19
174.358	6.4832400e-19
174.51	6.4826500e-19
174.572	7.4439600e-19
174.633	8.4052600e-19
174.664	9.3666800e-19
174.725	1.0328000e-18
174.817	9.6545500e-19
174.877	8.6927800e-19
174.938	7.7310100e-19
174.968	6.8655100e-19
175.06	5.9036200e-19
175.243	5.5183000e-19
175.457	6.1905500e-19
175.579	7.0554600e-19
175.671	8.0166500e-19
175.763	8.8816800e-19
175.825	9.8429800e-19
175.886	1.0804300e-18
175.917	1.1765700e-18
175.948	1.3688700e-18
176.041	1.8207500e-18
176.072	2.0130500e-18
176.103	2.2053400e-18
176.104	2.3015000e-18
176.266	5.4552800e-18
176.307	8.8302700e-18
176.34	9.6475600e-18
176.345	9.6812200e-18
176.353	1.0468900e-17
176.358	1.1256400e-17
176.366	1.2044000e-17
176.374	1.2919100e-17
176.379	1.3794100e-17
176.384	1.4669100e-17
176.39	1.5456600e-17
176.395	1.6331500e-17
176.4	1.7206600e-17
176.405	1.8606500e-17
176.41	1.9481400e-17
176.415	2.1143700e-17
176.421	2.2018700e-17
176.423	2.2893600e-17
176.426	2.3768400e-17
176.436	2.5955800e-17
176.438	2.8317800e-17
176.441	2.9192700e-17
176.446	3.1379700e-17
176.448	3.3129300e-17
176.451	3.4004200e-17
176.456	3.7153600e-17
176.467	4.6339100e-17
176.482	5.5612300e-17
176.5	5.8587300e-17
176.514	5.8150400e-17
176.519	5.7276000e-17
176.527	5.5964200e-17
176.53	5.5089500e-17
176.544	5.1241100e-17
176.559	4.5030900e-17
176.571	3.5059300e-17
176.617	1.8265700e-17
176.62	1.7391200e-17
176.628	1.5729500e-17
176.633	1.4854900e-17
176.639	1.3980400e-17
176.644	1.3193400e-17
176.65	1.2318800e-17
176.658	1.1444400e-17
176.666	1.0657500e-17
176.674	9.7831100e-18
176.685	8.9962900e-18
176.693	8.2093600e-18
176.704	7.3350800e-18
176.715	6.5482600e-18
176.731	5.8491600e-18
176.745	5.0624700e-18
176.758	4.3632500e-18
176.777	2.9454700e-18
176.896	1.6185000e-18
176.897	1.9165800e-18
176.987	1.4165400e-18
177.017	1.3203800e-18
177.047	1.1280600e-18
177.077	1.0318900e-18
177.107	9.3572800e-19
177.168	8.3955100e-19
177.229	7.5298900e-19
177.32	6.5680000e-19
177.442	5.7021500e-19
177.625	5.7975900e-19
177.717	6.2780100e-19
177.809	6.2776600e-19
177.9	5.7965400e-19
178.022	4.9306800e-19
178.266	4.4489800e-19
178.419	3.9676200e-19
178.48	4.2558500e-19
178.694	4.7357900e-19
178.969	4.7347300e-19
179.244	4.8298300e-19
179.488	4.7327400e-19
179.733	4.6356400e-19
179.916	5.4041700e-19
180.16	4.9224600e-19
180.435	4.9214000e-19
180.649	4.8244300e-19
180.894	5.4004100e-19
181.077	6.1689300e-19
181.23	6.9375800e-19
181.413	7.6099500e-19
181.688	7.8012000e-19
181.841	8.5698400e-19
182.055	9.2420900e-19
182.3	9.6257700e-19
182.483	1.0394300e-18
182.606	1.1259200e-18
182.667	1.2220500e-18
182.729	1.3181800e-18
182.759	1.4143200e-18
182.821	1.5008400e-18
182.943	1.4719500e-18
183.065	1.3853600e-18
183.248	1.3372100e-18
183.401	1.4236900e-18
183.523	1.5101800e-18
183.707	1.5870400e-18
183.86	1.6639000e-18
184.043	1.7407500e-18
184.166	1.8272400e-18
184.258	1.9137500e-18
184.349	2.0098700e-18
184.441	2.0963700e-18
184.564	2.1828600e-18
184.686	2.2789700e-18
184.778	2.3654700e-18
184.87	2.4615900e-18
184.931	2.5481000e-18
185.023	2.6442200e-18
185.085	2.7403500e-18
185.146	2.8268700e-18
185.207	2.9230000e-18
185.269	3.0191300e-18
185.33	3.1152600e-18
185.392	3.2113900e-18
185.453	3.3075200e-18
185.484	3.3940400e-18
185.545	3.4901700e-18
185.607	3.5863100e-18
185.668	3.6824400e-18
185.729	3.7785700e-18
185.76	3.8747100e-18
185.791	3.9708500e-18
185.852	4.0573600e-18
185.883	4.1535100e-18
185.914	4.2496500e-18
185.975	4.3457800e-18
186.006	4.4419200e-18
186.037	4.5380600e-18
186.068	4.6342000e-18
186.099	4.7303500e-18
186.13	4.8264900e-18
186.16	4.9226300e-18
186.191	5.0187700e-18
186.222	5.1149100e-18
186.253	5.2110600e-18
186.284	5.3072000e-18
186.315	5.4033400e-18
186.345	5.4994800e-18
186.407	5.7206100e-18
186.438	5.8167500e-18
186.469	5.9129000e-18
186.5	6.0090400e-18
186.531	6.2013300e-18
186.562	6.2974800e-18
186.593	6.3936200e-18
186.686	6.8935800e-18
186.717	6.9897200e-18
186.81	7.5089200e-18
186.841	7.7012200e-18
186.872	7.7973600e-18
186.903	7.9896500e-18
186.934	8.2781000e-18
186.965	8.4704000e-18
186.996	8.5665400e-18
186.997	8.6626900e-18
187.027	8.7588400e-18
187.028	8.9511400e-18
187.059	9.0472900e-18
187.121	9.5280300e-18
187.123	9.9799500e-18
187.154	1.1306300e-17
187.165	1.1453400e-17
187.186	1.1600500e-17
187.197	1.1747600e-17
187.207	1.1894700e-17
187.229	1.2041800e-17
187.239	1.2188900e-17
187.25	1.2335900e-17
187.26	1.2483000e-17
187.292	1.2615500e-17
187.345	1.3350800e-17
187.367	1.3498000e-17
187.43	1.4453900e-17
187.44	1.4600900e-17
187.556	1.6262800e-17
187.578	1.6395200e-17
187.588	1.6542300e-17
187.609	1.6924600e-17
187.62	1.7071700e-17
187.641	1.7380500e-17
187.651	1.7527500e-17
187.662	1.7674700e-17
187.672	1.7821800e-17
187.777	1.9498200e-17
187.788	1.9645300e-17
187.799	1.9792300e-17
187.809	1.9939400e-17
187.83	2.0542300e-17
187.84	2.0689400e-17
187.935	2.2277600e-17
187.945	2.2424700e-17
187.977	2.2954100e-17
187.998	2.3101300e-17
188.176	2.6116000e-17
188.198	2.6263000e-17
188.208	2.6410100e-17
188.239	2.7263000e-17
188.249	2.7410000e-17
188.271	2.7542400e-17
188.291	2.8145400e-17
188.302	2.8292400e-17
188.312	2.8439500e-17
188.323	2.8586600e-17
188.387	2.9277800e-17
188.408	2.9410200e-17
188.419	2.9557300e-17
188.483	2.9881000e-17
188.559	2.9778500e-17
188.571	2.9631600e-17
188.582	2.9484600e-17
188.604	2.9352400e-17
188.626	2.9205400e-17
188.682	2.8456000e-17
188.693	2.8309000e-17
188.704	2.8162100e-17
188.827	2.6295600e-17
188.839	2.6148600e-17
188.941	2.3914500e-17
188.952	2.3767500e-17
188.964	2.3620500e-17
188.975	2.3326600e-17
189.407	1.4169600e-17
189.429	1.4022600e-17
189.577	1.1141800e-17
189.588	1.0994800e-17
189.599	1.0847900e-17
189.61	1.0700900e-17
189.658	9.9885900e-18
189.717	9.4020300e-18
189.776	8.6423900e-18
189.805	8.2577700e-18
189.806	8.3539200e-18
189.835	7.8731400e-18
189.836	8.1616000e-18
189.864	7.5846700e-18
189.865	7.6808200e-18
189.894	7.3923500e-18
189.895	7.4885000e-18
189.924	7.0077200e-18
189.953	6.7192500e-18
189.954	6.8154000e-18
189.983	6.4307800e-18
189.984	6.6230800e-18
190.013	6.3346100e-18
190.073	5.8249700e-18
190.103	5.6326500e-18
190.133	5.4403300e-18
190.163	5.2480100e-18
190.193	5.0557000e-18
190.223	4.8633800e-18
190.253	4.7672100e-18
190.282	4.4787400e-18
190.283	4.5748900e-18
190.312	4.2864200e-18
190.313	4.3825700e-18
190.343	4.1902500e-18
190.373	3.9979300e-18
190.403	3.9017700e-18
190.433	3.8056000e-18
190.463	3.7094400e-18
190.493	3.5171200e-18
190.524	3.4209500e-18
190.554	3.3247900e-18
190.584	3.1420800e-18
190.614	3.0459200e-18
190.644	2.9497500e-18
190.675	2.8535900e-18
190.705	2.7574200e-18
190.735	2.6612600e-18
190.765	2.5650900e-18
190.796	2.4689200e-18
190.826	2.3727600e-18
190.856	2.2765900e-18
190.886	2.1804300e-18
190.947	2.0842500e-18
190.977	1.9880900e-18
191.008	1.8919200e-18
191.038	1.7957500e-18
191.099	1.7091900e-18
191.159	1.6130200e-18
191.19	1.5168500e-18
191.281	1.4206600e-18
191.372	1.3340900e-18
191.433	1.2379100e-18
191.525	1.1417200e-18
191.616	1.0551500e-18
191.677	9.5897000e-19
191.768	8.6278200e-19
191.859	7.7620800e-19
191.981	6.8962300e-19
192.103	5.9342200e-19
192.225	5.1645200e-19
192.469	4.8751200e-19
192.683	4.9704500e-19
192.836	4.1044800e-19
192.927	3.2387400e-19
193.08	2.3727700e-19
193.324	1.9872200e-19
193.568	1.7939700e-19
193.751	1.2163400e-19
194.026	9.2682300e-20
194.209	8.2996500e-20
194.454	1.2136400e-19
194.698	1.0203900e-19
194.851	6.3519000e-20
194.912	1.2118800e-19
195.126	1.4995200e-19
195.401	1.3061500e-19
195.615	1.8822500e-19
195.859	1.8813100e-19
196.042	2.6498400e-19
196.256	2.9374800e-19
196.501	3.0326900e-19
196.745	3.6086700e-19
197.02	3.9922300e-19
197.265	4.2797500e-19
197.539	4.2786900e-19
197.723	4.3741400e-19
197.906	5.1426700e-19
198.151	4.8532700e-19
198.364	5.3332100e-19
198.639	5.7167700e-19
198.853	6.1967200e-19
199.159	6.4840000e-19
199.373	7.0601000e-19
199.617	7.4437800e-19
199.831	7.5391100e-19
200.015	8.4037900e-19
200.29	8.5950400e-19
200.565	8.7862900e-19
200.84	8.8813900e-19
201.054	9.2651800e-19
201.298	9.5527000e-19
201.542	1.0032500e-18
201.787	1.0320100e-18
202.001	1.0800000e-18
202.215	1.1183800e-18
202.337	1.1952500e-18
202.399	1.2913900e-18
202.429	1.3875300e-18
202.46	1.4836700e-18
202.491	1.5798100e-18
202.522	1.7721100e-18
202.553	1.8682500e-18
202.645	1.9643700e-18
202.706	1.8778100e-18
202.767	1.7816300e-18
