8.0881	3.0506500e-21
8.2515	3.2386100e-21
8.4182	3.4391000e-21
8.5883	3.6521200e-21
8.7618	3.8776700e-21
8.9388	4.1168900e-21
9.1194	4.3720600e-21
9.3036	4.6420400e-21
9.4915	4.9291100e-21
9.6833	5.2344000e-21
9.8789	5.5579200e-21
10.0785	5.9019400e-21
10.282	6.2664700e-21
10.4898	6.6537800e-21
10.7017	7.0650100e-21
10.9179	7.5024500e-21
11.1384	7.9660800e-21
11.3634	8.4593300e-21
11.593	8.9822000e-21
11.8272	9.5369700e-21
12.0661	1.0127100e-20
12.3098	1.0753600e-20
12.5585	1.1414300e-20
12.8122	1.2120600e-20
13.071	1.2872400e-20
13.3351	1.3669800e-20
13.6045	1.4512800e-20
13.8793	1.5412700e-20
14.1597	1.6369600e-20
14.4457	1.7383400e-20
14.7376	1.8454200e-20
15.0353	1.9593400e-20
15.339	2.0800900e-20
15.6489	2.2088100e-20
15.965	2.3455100e-20
16.2875	2.4913200e-20
16.6165	2.6451100e-20
16.9522	2.8080100e-20
17.2947	2.9823000e-20
17.6441	3.1668400e-20
18.0005	3.3627700e-20
18.3641	3.5701000e-20
18.7351	3.7910900e-20
19.1136	4.0257600e-20
19.4997	4.2740900e-20
19.8936	4.5383800e-20
20.2955	4.8197500e-20
20.7055	5.1170700e-20
21.1238	5.4337500e-20
21.5505	5.7698000e-20
21.9858	6.1263500e-20
22.43	6.5056900e-20
22.8831	6.9078100e-20
23.3454	7.3349900e-20
23.817	7.7883700e-20
24.2981	8.2702400e-20
24.789	8.7817100e-20
25.2897	9.3250900e-20
25.8006	9.9015000e-20
26.3219	1.0513200e-19
26.8536	1.1163700e-19
27.3961	1.1858600e-19
27.9495	1.2587600e-19
28.5141	1.3362200e-19
29.0901	1.4193800e-19
29.6778	1.5071000e-19
30.2773	1.6005100e-19
30.889	1.6984700e-19
31.513	1.8044100e-19
32.1496	1.9160500e-19
32.799	2.0345200e-19
33.4616	2.1598300e-19
34.1376	2.2931100e-19
34.8272	2.4355000e-19
35.5308	2.5858700e-19
38.3876	2.7544700e-19
43.6524	2.8262300e-19
50.5908	3.0973500e-19
64.4	2.7362400e-19
64.4035	2.7624400e-19
64.4105	2.6587800e-19
64.4174	2.6656100e-19
64.4314	2.7590200e-19
64.4362	2.7123200e-19
64.4521	2.6656100e-19
64.4699	2.7613000e-19
64.4755	2.7146000e-19
64.495	2.6690300e-19
64.5181	2.7533300e-19
64.5254	2.7180100e-19
64.5509	2.6644700e-19
64.5811	2.7521900e-19
64.5913	2.6986500e-19
64.6144	2.7009300e-19
64.618	2.9071100e-19
64.6198	2.6952300e-19
64.6288	2.6143500e-19
64.6473	2.6997900e-19
64.6576	2.6929500e-19
64.6664	2.7749700e-19
64.6736	2.6781400e-19
64.6902	2.7134600e-19
64.694	2.9401500e-19
64.6954	2.7043400e-19
64.7173	2.6382700e-19
64.7478	2.7647200e-19
64.771	2.6291600e-19
64.7786	2.7749700e-19
64.7893	2.6872600e-19
64.8145	2.7225700e-19
64.8193	2.9264800e-19
64.8226	2.6884000e-19
64.8728	2.6143500e-19
64.949	2.7544700e-19
64.9678	2.6075200e-19
65.0392	2.7282700e-19
65.05	2.9823000e-19
65.0548	2.6519400e-19
65.0759	2.5858700e-19
65.0997	2.7237100e-19
65.1078	2.5733400e-19
65.1258	2.5676500e-19
65.1482	2.7704100e-19
65.1599	2.6861200e-19
65.2138	2.6735900e-19
65.2365	2.8672400e-19
65.2453	3.2534100e-19
65.2483	3.2693600e-19
65.2513	2.7681400e-19
65.2635	2.5687900e-19
65.3162	2.5687900e-19
65.4103	2.6223300e-19
65.4543	2.8353500e-19
65.4729	2.7054800e-19
65.5274	2.6200500e-19
65.6076	2.7749700e-19
65.6439	2.5835900e-19
65.7125	2.5482800e-19
65.7695	2.6678900e-19
65.7844	3.0665900e-19
65.7958	2.7567500e-19
65.8113	2.6189100e-19
66.0234	2.6690300e-19
66.0906	2.7932000e-19
66.1288	2.5334700e-19
66.2593	2.5266400e-19
66.4292	2.7601600e-19
66.5126	2.5904300e-19
67.0199	2.6827000e-19
67.2356	2.4970200e-19
67.3275	2.5687900e-19
67.4821	2.5391700e-19
68.6948	2.6280200e-19
69.014	2.5334700e-19
70.6635	2.3352600e-19
70.6868	2.3682900e-19
70.7047	2.2395700e-19
70.7325	2.2771600e-19
70.7695	2.6314400e-19
70.7915	2.3341200e-19
70.8242	2.3648800e-19
70.8474	2.2350100e-19
70.8881	2.2737500e-19
70.9403	2.6303000e-19
70.9738	2.3170300e-19
71.0211	2.3660200e-19
71.0498	2.2259000e-19
71.1144	2.2737500e-19
71.183	2.6052400e-19
71.2074	2.5471400e-19
71.2456	2.2874100e-19
71.3141	2.3705700e-19
71.3507	2.2110900e-19
71.4542	2.2623500e-19
71.5763	2.6246000e-19
71.6208	2.4207000e-19
71.678	2.2486800e-19
71.773	2.3774100e-19
71.8269	2.1848900e-19
71.9985	2.2350100e-19
72.2226	2.6006800e-19
72.3274	2.3045000e-19
72.4403	2.1997000e-19
72.5728	2.3956300e-19
72.6378	2.1632500e-19
72.8873	2.1609700e-19
73.4625	2.4822100e-19
73.6394	2.3193100e-19
73.851	2.1700800e-19
74.0173	2.3364000e-19
74.0826	2.2133700e-19
74.1952	2.0470500e-19
75.514	2.1370500e-19
75.5507	2.0106000e-19
75.5713	2.0800900e-19
75.5794	1.8830200e-19
75.5807	1.9639000e-19
75.5834	2.2669100e-19
75.5861	2.3489300e-19
75.6369	2.3352600e-19
75.6572	2.0311100e-19
75.6718	1.8431500e-19
75.7006	2.0481900e-19
75.7274	2.1302100e-19
75.7385	1.8830200e-19
75.7404	1.9513700e-19
75.7442	2.2418500e-19
75.748	2.3637400e-19
75.7713	2.4525900e-19
75.819	2.3876600e-19
75.8523	1.9718700e-19
75.8708	1.8408700e-19
75.9201	2.1780600e-19
75.9486	2.2224800e-19
75.9647	1.8830200e-19
75.9674	1.9604800e-19
75.9729	2.2464100e-19
75.9812	2.4651200e-19
76.0066	2.5984000e-19
76.0665	2.5289100e-19
76.1383	1.9092200e-19
76.1661	1.8590900e-19
76.206	2.1700800e-19
76.2518	2.4753700e-19
76.2756	2.3386800e-19
76.2918	1.9536400e-19
76.3001	1.8647900e-19
76.3042	1.9445300e-19
76.3168	2.4184200e-19
76.3338	2.7738300e-19
76.3731	2.8512900e-19
76.5172	2.1017300e-19
76.5223	1.9103600e-19
76.5378	1.8556800e-19
76.5991	1.8556800e-19
76.6068	1.9855400e-19
76.6114	1.9012400e-19
76.6388	2.0732500e-19
76.673	2.6371300e-19
76.6928	2.7909200e-19
76.7407	2.1028700e-19
76.7716	1.8727600e-19
76.7822	1.9433900e-19
76.7865	2.1211000e-19
76.7887	2.3386800e-19
76.7909	2.7647200e-19
76.7931	3.3616300e-19
76.7953	3.1884800e-19
76.7975	2.4389200e-19
76.7997	2.0197100e-19
76.8019	1.8328900e-19
76.8041	1.7440400e-19
76.8086	1.6745500e-19
76.8222	1.6848000e-19
76.8385	1.9103600e-19
76.8674	2.7704100e-19
76.8824	2.9526800e-19
76.943	2.4252500e-19
77.0277	2.0049100e-19
77.0339	2.0926200e-19
77.037	2.3238700e-19
77.0402	2.8102900e-19
77.0433	2.9663500e-19
77.0465	2.7054800e-19
77.0528	2.3557600e-19
77.069	2.1176800e-19
77.1407	1.9183300e-19
77.3138	1.7679600e-19
77.3765	1.9559200e-19
77.4047	1.9764300e-19
77.4094	1.8488400e-19
77.4142	1.2040800e-19
77.419	1.9980700e-19
77.4239	2.0949000e-19
77.7048	1.6517700e-19
77.7494	1.7178400e-19
77.7889	2.0892000e-19
77.8228	2.3079200e-19
77.9301	2.1017300e-19
77.9756	2.0880600e-19
77.9833	2.3056400e-19
77.9911	3.0563400e-19
77.9989	2.4867700e-19
78.0067	2.2259000e-19
78.0147	2.1336300e-19
78.063	2.0014900e-19
78.6542	1.7349300e-19
79.0314	1.7007500e-19
79.0457	1.8123900e-19
79.0602	2.2874100e-19
79.0748	2.6041000e-19
79.0894	2.1769200e-19
79.1042	1.9650400e-19
79.1341	1.8169500e-19
79.2739	1.6813900e-19
79.5103	1.6381000e-19
79.6757	1.9844000e-19
79.8734	1.9502300e-19
80.4175	1.8431500e-19
80.7056	1.9650400e-19
80.8173	2.2361500e-19
80.9038	2.7521900e-19
80.9331	2.8194000e-19
80.9627	2.6633300e-19
81.0227	2.1336300e-19
81.0838	1.8556800e-19
81.2093	1.6950600e-19
82.4496	1.5754500e-19
83.1662	1.5993700e-19
84.8018	1.6289900e-19
85.7186	1.7565700e-19
86.1447	1.9946500e-19
86.4143	2.3580400e-19
86.6002	2.8228200e-19
86.8888	3.8731100e-19
86.9877	4.0644900e-19
87.0881	3.9904500e-19
87.5039	2.5562500e-19
87.7209	2.1211000e-19
87.9444	1.8716200e-19
88.2923	1.6711300e-19
89.168	1.4865900e-19
91.5785	1.3726800e-19
96.2341	1.4011600e-19
103.1177	1.7121400e-19
103.5139	2.5722000e-21
103.5159	1.8522600e-21
103.5182	1.1733300e-21
103.5206	6.7198500e-22
103.523	3.2078500e-22
103.5254	1.0279700e-22
103.5277	6.4829100e-24
103.5301	2.4172800e-23
103.5325	1.5093700e-22
103.535	3.8423600e-22
103.5374	7.2279100e-22
103.5398	1.1676300e-21
103.5422	1.7189800e-21
103.5447	2.3819600e-21
103.5471	3.1600000e-21
103.5496	4.0565200e-21
103.5545	6.2402700e-21
103.5595	9.0038500e-21
103.567	1.4455800e-20
103.5746	2.1928700e-20
103.5822	3.2169600e-20
103.59	4.6409000e-20
103.5978	6.6628900e-20
103.6056	9.6235500e-20
103.6136	1.4125500e-19
103.6189	1.8488400e-19
103.6243	2.4537300e-19
103.6297	3.3001200e-19
103.6351	4.4768600e-19
103.6489	8.5288200e-19
103.6545	9.1986400e-19
103.6601	8.3955400e-19
103.6657	6.7050400e-19
103.6742	4.2695400e-19
103.68	3.1110200e-19
103.6857	2.2851400e-19
103.6915	1.6984700e-19
103.6974	1.2769900e-19
103.7062	8.4536400e-20
103.7092	7.3817000e-20
103.7122	6.4453200e-20
103.7212	4.2604200e-20
103.7302	2.7282700e-20
103.7394	1.6050600e-20
103.7456	9.9835200e-21
103.7518	4.5509100e-21
103.7549	2.0128800e-21
103.758	9.5848200e-23
103.7612	4.7867100e-21
103.7643	5.8837100e-19
103.7675	9.8456800e-20
103.7706	2.9572400e-20
103.7738	1.5993700e-20
103.777	1.0248900e-20
103.7802	7.0035000e-21
103.7834	4.8824000e-21
103.7867	3.3844200e-21
103.7899	2.2840000e-21
103.7931	1.4672300e-21
103.7964	8.6541300e-22
103.7997	4.4039600e-22
103.8029	1.6597400e-22
103.8062	2.5243600e-23
103.8095	7.0262800e-24
103.8128	1.0387900e-22
103.8162	3.1121600e-22
103.8195	6.2641900e-22
103.8228	1.0487000e-21
103.8262	1.5788600e-21
103.8296	2.2190700e-21
103.833	2.9709100e-21
103.8398	4.8345600e-21
103.8466	7.2176600e-21
103.857	1.1938300e-20
103.8674	1.8363100e-20
103.878	2.7066200e-20
103.8887	3.8959000e-20
103.8995	5.5476600e-20
103.9104	7.9011500e-20
103.9215	1.1366400e-19
103.9289	1.4638100e-19
103.9364	1.9058000e-19
103.9439	2.5152500e-19
103.9515	3.3639100e-19
103.9591	4.5383800e-19
103.9784	8.5641400e-19
103.9863	9.2419300e-19
103.9942	8.4525000e-19
104.0021	6.7585800e-19
104.0141	4.2923200e-19
104.0222	3.1155800e-19
104.0304	2.2783000e-19
104.0386	1.6836600e-19
104.0469	1.2587600e-19
104.0594	8.2383400e-20
104.0678	6.2277400e-20
104.0806	4.0531000e-20
104.0935	2.5391700e-20
104.1065	1.4410300e-20
104.1153	8.5721100e-21
104.1242	3.4732700e-21
104.1286	1.2371200e-21
104.1331	5.6433500e-24
104.1376	8.1221500e-21
104.1421	1.1676300e-18
104.1466	8.9651200e-20
104.1511	2.7533300e-20
104.1557	1.4603900e-20
104.1602	9.1200400e-21
104.1648	6.0420600e-21
104.1694	4.0587900e-21
104.1741	2.6849800e-21
104.1787	1.7018900e-21
104.1834	9.9846600e-22
104.188	5.0942800e-22
104.1927	1.9593400e-22
104.1974	3.3194900e-23
104.2022	4.9348000e-24
104.2069	1.0032500e-22
104.2117	3.1235500e-22
104.2165	6.3667100e-22
104.2213	1.0710300e-21
104.2261	1.6153200e-21
104.2309	2.2691900e-21
104.2358	3.0369800e-21
104.2456	4.9245500e-21
104.2554	7.3213200e-21
104.2703	1.2018000e-20
104.2855	1.8328900e-20
104.3007	2.6781400e-20
104.3162	3.8138800e-20
104.3319	5.3676800e-20
104.3477	7.5400400e-20
104.3637	1.0672700e-19
104.3745	1.3578700e-19
104.3909	1.9855400e-19
104.4019	2.6006800e-19
104.413	3.4516300e-19
104.4242	4.6204000e-19
104.4526	8.6051500e-19
104.4641	9.3034400e-19
104.4758	8.5459100e-19
104.4993	5.0931400e-19
104.5112	3.6874300e-19
104.5232	2.6667500e-19
104.5354	1.9456700e-19
104.5476	1.4341900e-19
104.5599	1.0656800e-19
104.5723	7.9546900e-20
104.5849	5.9349800e-20
104.5975	4.3994000e-20
104.6103	3.2124100e-20
104.6231	2.2805800e-20
104.6361	1.5378500e-20
104.6492	9.3307800e-21
104.6624	4.3094100e-21
104.669	2.1484400e-21
104.6757	4.2854900e-22
104.6824	4.4016800e-22
104.6891	1.5481100e-20
104.6959	3.9255100e-18
104.7026	7.8157100e-20
104.7095	2.4639800e-20
104.7163	1.2678700e-20
104.7232	7.5787700e-21
104.7301	4.7582300e-21
104.737	2.9857100e-21
104.744	1.8032800e-21
104.751	1.0014300e-21
104.758	4.7274800e-22
104.7651	1.5583600e-22
104.7722	1.3669800e-23
104.7793	2.2486800e-23
104.7865	1.6688600e-22
104.7937	4.3686400e-22
104.8009	8.2577000e-22
104.8081	1.3305300e-21
104.8154	1.9479500e-21
104.8227	2.6792800e-21
104.8375	4.4882500e-21
104.8598	8.1301200e-21
104.8825	1.3043300e-20
104.9054	1.9536400e-20
104.9287	2.8045900e-20
104.9523	3.9289300e-20
104.9763	5.4348900e-20
105.0005	7.4956100e-20
105.0251	1.0399300e-19
105.0501	1.4638100e-19
105.0754	2.1051500e-19
105.0925	2.7259900e-19
105.1097	3.5746600e-19
105.1271	4.7286200e-19
105.1714	8.6484300e-19
105.1893	9.3957200e-19
105.2075	8.7167800e-19
105.2444	5.2355400e-19
105.2631	3.7717300e-19
105.282	2.7032000e-19
105.301	1.9502300e-19
105.3203	1.4171000e-19
105.3398	1.0368600e-19
105.3594	7.6004100e-20
105.3793	5.5510800e-20
105.3993	4.0098100e-20
105.4196	2.8342100e-20
105.44	1.9251600e-20
105.4607	1.2166100e-20
105.4815	6.5945400e-21
105.492	4.2786500e-21
105.5026	2.2771600e-21
105.5132	6.9294500e-22
105.5239	8.8079100e-24
105.5346	2.8159800e-21
105.5454	3.7261600e-20
105.5563	3.4265700e-18
105.5672	6.2983700e-20
105.5781	2.0527500e-20
105.5891	1.0013100e-20
105.6002	5.5180500e-21
105.6113	3.1064600e-21
105.6225	1.6722700e-21
105.6337	7.9763300e-22
105.645	2.8820500e-22
105.6564	4.4324400e-23
105.6678	8.9423300e-24
105.6793	1.4752000e-22
105.6908	4.3845900e-22
105.7024	8.6746300e-22
105.7141	1.4250800e-21
105.7258	2.1074300e-21
105.7494	3.8321000e-21
105.7733	6.0386400e-21
105.8096	1.0307000e-20
105.8465	1.5879800e-20
105.8966	2.5813200e-20
105.9478	3.9642400e-20
106.0001	5.9258600e-20
106.0537	8.8056400e-20
106.0946	1.1926900e-19
106.1362	1.6392400e-19
106.1785	2.2999500e-19
106.2215	3.3126500e-19
106.2653	4.8824000e-19
106.3399	8.6826100e-19
106.3704	9.5449400e-19
106.4012	9.0608100e-19
106.4799	4.7570900e-19
106.512	3.3832800e-19
106.5445	2.3945000e-19
106.5773	1.6996100e-19
106.6106	1.2109200e-19
106.6443	8.6222300e-20
106.6783	6.1001500e-20
106.7128	4.2513100e-20
106.7477	2.8809100e-20
106.7831	1.8568200e-20
106.8188	1.0908500e-20
106.8369	7.8567200e-21
106.8551	5.2571800e-21
106.8733	3.0905200e-21
106.8917	1.3795100e-21
106.9102	2.5015800e-22
106.9288	1.2610400e-22
106.9476	2.6166300e-21
106.9664	1.6756900e-20
107.0044	3.8321000e-19
107.0236	4.2911800e-20
107.043	1.4900100e-20
107.0624	6.6264400e-21
107.082	3.0665900e-21
107.1017	1.2963500e-21
107.1215	4.0975300e-22
107.1414	4.4426900e-23
107.1615	3.0016600e-23
107.1817	2.7658600e-22
107.202	7.3270200e-22
107.2225	1.3669800e-21
107.2431	2.1609700e-21
107.2638	3.1019100e-21
107.3056	5.3973000e-21
107.348	8.2292300e-21
107.4127	1.3498900e-20
107.5009	2.2680500e-20
107.5914	3.4869400e-20
107.6844	5.1136500e-20
107.7799	7.3247400e-20
107.8781	1.0426600e-19
107.979	1.4957100e-19
108.0566	1.9878200e-19
108.1357	2.6884000e-19
108.2166	3.7147700e-19
108.2992	5.2321200e-19
108.4699	9.4469800e-19
108.5284	9.9721300e-19
108.5878	9.2157300e-19
108.7093	5.5977900e-19
108.7714	3.9870300e-19
108.8344	2.7829500e-19
108.8984	1.9274400e-19
108.9633	1.3259700e-19
109.0293	9.0209400e-20
109.0962	6.0169900e-20
109.1642	3.8731100e-20
109.1986	3.0403900e-20
109.2332	2.3386800e-20
109.2682	1.7463200e-20
109.3033	1.2507900e-20
109.3388	8.4126300e-21
109.3746	5.1011200e-21
109.4106	2.5471400e-21
109.4469	7.9136800e-22
109.4835	1.0480200e-23
109.5204	6.9670500e-22
109.5576	4.2752300e-21
109.5951	1.5811400e-20
109.6328	6.3302600e-20
109.6709	6.6936500e-19
109.7093	4.9234100e-19
109.748	6.8576900e-20
109.787	2.2486800e-20
109.8263	9.0300500e-21
109.866	3.5974400e-21
109.906	1.1710500e-21
109.9463	1.8385900e-22
109.9869	1.5788600e-23
110.0279	3.7808400e-22
110.0692	1.1211500e-21
110.1108	2.1609700e-21
110.1528	3.4470700e-21
110.2378	6.6480800e-21
110.3681	1.2826800e-20
110.5469	2.3557600e-20
110.7793	4.1476500e-20
111.0219	6.6025200e-20
111.2755	1.0043900e-19
111.5406	1.5093700e-19
111.7616	2.1074300e-19
111.9909	3.0050800e-19
112.1685	4.0018400e-19
112.3513	5.4348900e-19
112.6033	8.2520100e-19
112.8652	1.1188700e-18
113.0001	1.1385800e-18
113.1377	1.0123600e-18
113.4212	5.6980300e-19
113.5673	3.8947600e-19
113.7164	2.5927100e-19
113.7921	2.1017300e-19
113.8686	1.6950600e-19
113.9459	1.3601500e-19
114.024	1.0852700e-19
114.103	8.5892000e-20
114.1827	6.7312400e-20
114.2633	5.2082000e-20
114.3447	3.9631100e-20
114.4271	2.9492600e-20
114.5103	2.1302100e-20
114.5944	1.4763400e-20
114.6794	9.6383600e-21
114.7653	5.7356200e-21
114.8522	2.9116700e-21
114.94	1.0644200e-21
115.0287	1.3077500e-22
115.1185	9.9504800e-23
115.2092	1.0312700e-21
115.3009	3.1110200e-21
115.3937	6.7779500e-21
115.4875	1.3100200e-20
115.5824	2.5118300e-20
115.6783	5.4497000e-20
115.7753	1.9285800e-19
115.8735	7.0103300e-18
115.9727	5.5875300e-20
116.0731	4.5588800e-21
116.1746	6.1286300e-25
116.2773	1.5014000e-21
116.3813	4.4950900e-21
116.5928	1.1835800e-20
117.1438	3.3513800e-20
117.8503	6.5660700e-20
118.7437	1.1459900e-19
119.7205	1.8192200e-19
120.154	3.9342500e-20
120.256	1.2089600e-20
120.717	9.0274600e-21
120.923	3.6257100e-20
121.281	5.4393400e-20
121.64	7.5557000e-20
121.846	1.0581400e-19
122.256	1.1789200e-19
122.563	1.4208700e-19
122.82	1.5720300e-19
123.025	1.8746000e-19
123.23	2.1166300e-19
123.384	2.4192300e-19
123.539	2.6915700e-19
123.744	2.9638700e-19
123.898	3.2664700e-19
124.103	3.5387700e-19
124.258	3.8413800e-19
124.36	4.1137500e-19
124.617	4.3860100e-19
124.822	4.6280400e-19
124.925	4.9306800e-19
125.028	5.2333300e-19
125.08	5.5360100e-19
125.183	5.8386600e-19
125.286	6.1110400e-19
125.389	6.4136800e-19
125.492	6.7163300e-19
125.543	7.0190100e-19
125.646	7.3216600e-19
125.8	7.5940000e-19
125.903	7.8966400e-19
126.006	8.1690200e-19
126.109	8.4716600e-19
126.161	8.7743500e-19
126.264	9.0770000e-19
126.367	9.3796400e-19
126.47	9.6822900e-19
126.521	9.9547000e-19
126.829	1.0196600e-18
127.086	1.0378100e-18
127.137	1.0680800e-18
127.24	1.0983400e-18
127.496	1.0892400e-18
127.803	1.0650000e-18
127.905	1.0377500e-18
128.007	1.0074700e-18
128.109	9.7718700e-19
128.16	9.4691000e-19
128.261	9.1663000e-19
128.312	8.8635400e-19
128.363	8.5607700e-19
128.465	8.2579700e-19
128.516	7.9854800e-19
128.617	7.6826800e-19
128.668	7.3799200e-19
128.719	7.0771600e-19
128.821	6.7743500e-19
128.871	6.4715900e-19
128.973	6.1687900e-19
129.075	5.8659900e-19
129.126	5.5632200e-19
129.228	5.2907000e-19
129.279	4.9879300e-19
129.381	4.6851300e-19
129.431	4.3823700e-19
129.533	4.0795700e-19
129.635	3.7767600e-19
129.737	3.4739600e-19
129.89	3.2013900e-19
129.992	2.8985900e-19
130.145	2.6260300e-19
130.247	2.3232200e-19
130.4	2.0203800e-19
130.502	1.7478500e-19
130.655	1.4450100e-19
130.757	1.1422100e-19
131.013	8.9983900e-20
131.269	6.2719300e-20
131.627	5.3610500e-20
131.882	1.1209700e-20
132.241	1.1182600e-20
132.702	2.0659700e-21
133.163	2.0310800e-21
133.675	1.9923200e-21
134.136	0.0000000e+00
134.597	7.9770300e-21
135.058	7.9421500e-21
135.417	2.6078500e-20
135.826	2.9074700e-20
136.288	4.1148800e-20
136.595	5.9289000e-20
136.903	8.6510900e-20
137.21	9.8596600e-20
137.62	1.1067500e-19
138.03	1.1367100e-19
138.287	1.3786900e-19
138.594	1.4692800e-19
138.902	1.6204100e-19
139.311	1.6806400e-19
139.619	1.8620400e-19
140.029	1.9828200e-19
140.337	2.1945000e-19
140.747	2.2850100e-19
140.901	2.5876100e-19
141.157	2.6176900e-19
141.464	2.7990900e-19
141.874	2.9501500e-19
142.029	3.2224800e-19
142.438	3.2524400e-19
142.746	3.3127600e-19
142.9	3.5850900e-19
143.259	3.7059100e-19
143.617	3.8267300e-19
143.925	4.0384000e-19
144.233	4.2500800e-19
144.387	4.5224100e-19
144.694	4.5827200e-19
145.053	4.7640900e-19
145.207	5.0364200e-19
145.566	5.0664200e-19
145.925	5.2780600e-19
146.232	5.4897300e-19
146.54	5.7316800e-19
146.899	5.8222300e-19
147.001	6.1248700e-19
147.207	6.3669000e-19
147.463	6.5483400e-19
147.771	6.7297400e-19
147.874	7.0323900e-19
148.079	7.3046800e-19
148.386	7.1833600e-19
148.643	7.3648000e-19
148.745	7.6371800e-19
148.9	7.9397800e-19
149.207	7.9395500e-19
149.412	8.2118500e-19
149.72	8.3629800e-19
150.027	8.5141100e-19
150.233	8.7864000e-19
150.438	9.0587000e-19
150.643	9.2401800e-19
150.899	9.2399900e-19
151.002	9.5426300e-19
151.156	9.8452400e-19
151.259	1.0117600e-18
151.567	1.0177900e-18
151.772	1.0359400e-18
151.977	1.0631700e-18
152.08	1.0873800e-18
152.336	1.0813100e-18
152.439	1.1115700e-18
152.542	1.1388100e-18
152.798	1.1357600e-18
152.952	1.1660200e-18
153.311	1.1750800e-18
153.465	1.2023100e-18
153.67	1.2295400e-18
153.978	1.2476800e-18
154.081	1.2779500e-18
154.184	1.3082100e-18
154.44	1.3324100e-18
154.645	1.3596400e-18
154.953	1.3444800e-18
155.209	1.3565700e-18
155.363	1.3807700e-18
155.517	1.4110400e-18
155.773	1.4322100e-18
155.876	1.4624700e-18
155.979	1.4927400e-18
156.185	1.5169400e-18
156.339	1.5472000e-18
156.493	1.5744300e-18
156.698	1.5895500e-18
157.108	1.5925500e-18
157.211	1.6197900e-18
157.314	1.6500500e-18
157.519	1.6470100e-18
157.672	1.6530500e-18
157.724	1.6833200e-18
157.827	1.7135900e-18
157.98	1.7044900e-18
158.186	1.7377800e-18
158.493	1.7559200e-18
158.699	1.7801200e-18
158.853	1.8073500e-18
159.007	1.8376100e-18
159.161	1.8648500e-18
159.315	1.8920800e-18
159.521	1.9162800e-18
159.674	1.9253500e-18
159.828	1.9162600e-18
159.88	1.9465300e-18
160.034	1.9737600e-18
160.239	1.9828300e-18
160.444	2.0009800e-18
160.547	2.0312400e-18
160.599	2.0615100e-18
160.702	2.0917700e-18
160.753	2.1220400e-18
161.112	2.1371500e-18
161.317	2.1431900e-18
161.369	2.1734600e-18
161.42	2.2037300e-18
161.523	2.2339900e-18
161.728	2.2158100e-18
161.882	2.2460700e-18
162.036	2.2581700e-18
162.087	2.2278900e-18
162.411	2.3291500e-19
162.461	1.7236700e-19
162.462	2.0263900e-19
162.512	0.0000000e+00
162.717	0.0000000e+00
162.87	0.0000000e+00
163.177	0.0000000e+00
163.433	0.0000000e+00
163.587	0.0000000e+00
163.894	0.0000000e+00
163.997	0.0000000e+00
164.15	0.0000000e+00
164.151	0.0000000e+00
164.355	0.0000000e+00
164.457	0.0000000e+00
164.56	0.0000000e+00
164.714	0.0000000e+00
164.866	0.0000000e+00
165.02	0.0000000e+00
165.124	0.0000000e+00
165.176	0.0000000e+00
165.277	0.0000000e+00
165.328	0.0000000e+00
165.379	0.0000000e+00
165.583	0.0000000e+00
165.841	0.0000000e+00
165.894	0.0000000e+00
165.943	0.0000000e+00
165.994	0.0000000e+00
166.045	0.0000000e+00
166.096	0.0000000e+00
166.403	0.0000000e+00
166.659	0.0000000e+00
166.711	0.0000000e+00
166.762	0.0000000e+00
166.814	0.0000000e+00
166.866	0.0000000e+00
166.917	0.0000000e+00
166.919	0.0000000e+00
167.018	0.0000000e+00
167.019	0.0000000e+00
167.069	0.0000000e+00
167.12	0.0000000e+00
167.273	0.0000000e+00
167.683	0.0000000e+00
167.939	0.0000000e+00
168.093	0.0000000e+00
168.145	0.0000000e+00
168.197	0.0000000e+00
168.249	0.0000000e+00
168.303	0.0000000e+00
168.454	0.0000000e+00
168.504	0.0000000e+00
168.555	0.0000000e+00
168.656	0.0000000e+00
169.015	0.0000000e+00
169.271	0.0000000e+00
169.629	0.0000000e+00
169.885	0.0000000e+00
170.295	0.0000000e+00
170.449	0.0000000e+00
170.501	0.0000000e+00
170.553	0.0000000e+00
170.605	0.0000000e+00
170.712	0.0000000e+00
170.81	0.0000000e+00
170.911	0.0000000e+00
170.962	0.0000000e+00
171.013	0.0000000e+00
171.218	0.0000000e+00
171.422	0.0000000e+00
171.626	0.0000000e+00
171.78	0.0000000e+00
172.036	0.0000000e+00
172.446	0.0000000e+00
172.6	0.0000000e+00
172.805	0.0000000e+00
173.112	0.0000000e+00
173.47	0.0000000e+00
173.573	0.0000000e+00
173.727	0.0000000e+00
174.085	0.0000000e+00
174.239	0.0000000e+00
174.393	0.0000000e+00
174.496	0.0000000e+00
174.547	0.0000000e+00
174.864	0.0000000e+00
174.911	0.0000000e+00
175.01	0.0000000e+00
175.161	0.0000000e+00
175.314	0.0000000e+00
175.622	0.0000000e+00
175.827	0.0000000e+00
176.083	0.0000000e+00
176.185	0.0000000e+00
176.441	0.0000000e+00
176.748	0.0000000e+00
177.107	0.0000000e+00
177.313	0.0000000e+00
177.415	0.0000000e+00
177.568	0.0000000e+00
177.926	0.0000000e+00
178.08	0.0000000e+00
178.285	0.0000000e+00
178.643	0.0000000e+00
178.899	0.0000000e+00
179.105	0.0000000e+00
179.207	0.0000000e+00
179.514	0.0000000e+00
179.77	0.0000000e+00
179.924	0.0000000e+00
180.027	0.0000000e+00
180.129	0.0000000e+00
180.333	0.0000000e+00
180.589	0.0000000e+00
180.896	0.0000000e+00
180.999	0.0000000e+00
181.256	0.0000000e+00
181.307	0.0000000e+00
181.511	0.0000000e+00
181.769	0.0000000e+00
181.972	0.0000000e+00
182.075	0.0000000e+00
182.127	0.0000000e+00
182.23	0.0000000e+00
182.282	0.0000000e+00
182.334	0.0000000e+00
182.386	0.0000000e+00
182.438	0.0000000e+00
182.49	0.0000000e+00
182.597	0.0000000e+00
182.655	0.0000000e+00
182.819	0.0000000e+00
182.908	0.0000000e+00
182.909	0.0000000e+00
182.91	0.0000000e+00
182.953	0.0000000e+00
182.957	0.0000000e+00
182.958	0.0000000e+00
182.959	0.0000000e+00
183.051	0.0000000e+00
183.102	0.0000000e+00
183.152	0.0000000e+00
183.153	0.0000000e+00
183.203	0.0000000e+00
183.254	0.0000000e+00
183.356	0.0000000e+00
183.56	0.0000000e+00
183.561	0.0000000e+00
183.714	0.0000000e+00
183.816	0.0000000e+00
183.817	0.0000000e+00
183.97	0.0000000e+00
184.226	0.0000000e+00
184.38	0.0000000e+00
184.482	0.0000000e+00
184.534	0.0000000e+00
184.585	0.0000000e+00
184.739	0.0000000e+00
184.84	0.0000000e+00
184.943	0.0000000e+00
184.995	0.0000000e+00
185.048	0.0000000e+00
185.098	0.0000000e+00
185.148	0.0000000e+00
185.455	0.0000000e+00
185.66	0.0000000e+00
185.916	0.0000000e+00
186.274	0.0000000e+00
186.531	0.0000000e+00
186.786	0.0000000e+00
187.145	0.0000000e+00
187.504	0.0000000e+00
187.965	0.0000000e+00
188.068	0.0000000e+00
188.375	0.0000000e+00
188.478	0.0000000e+00
188.631	0.0000000e+00
188.682	0.0000000e+00
188.938	0.0000000e+00
189.296	0.0000000e+00
189.603	0.0000000e+00
189.911	0.0000000e+00
190.218	0.0000000e+00
190.73	0.0000000e+00
191.242	0.0000000e+00
191.754	0.0000000e+00
192.266	0.0000000e+00
192.778	0.0000000e+00
193.291	0.0000000e+00
193.803	0.0000000e+00
194.315	0.0000000e+00
194.827	0.0000000e+00
195.339	0.0000000e+00
195.851	0.0000000e+00
196.364	0.0000000e+00
196.876	0.0000000e+00
197.388	0.0000000e+00
197.9	0.0000000e+00
198.412	0.0000000e+00
198.925	0.0000000e+00
199.385	0.0000000e+00
199.846	0.0000000e+00
