# Mars exosphere neutral density profile used by mars_exosphere.m
# Source MAT file: F:\data\maven\data\sci\supporting_data\H_O_corona_density_profile.mat
# Density unit: cm^-3. Altitude unit: km.
# Columns: alt_H_km nH_cm^-3 alt_O_km nO_cm^-3
9.715082130531e+04 1.088481585612e+00 8.579330350544e+04 1.088481585612e+00
9.406353253859e+04 1.192443195479e+00 8.294384903035e+04 1.174451077763e+00
9.080192475395e+04 1.306334248773e+00 7.852260544496e+04 1.306334248773e+00
8.778480393759e+04 1.431103113329e+00 7.512169122679e+04 1.431103113329e+00
8.480439749040e+04 1.567788736231e+00 7.186807494217e+04 1.567788736231e+00
8.192517965664e+04 1.717529295102e+00 6.875537692969e+04 1.717529295102e+00
7.920301087448e+04 1.881571675674e+00 6.577749383919e+04 1.881571675674e+00
7.651396728539e+04 2.061281854577e+00 6.288147471162e+04 2.061281854577e+00
7.397159955405e+04 2.258156273790e+00 6.020306929393e+04 2.258156273790e+00
7.146016907484e+04 2.473834301473e+00 5.755247818689e+04 2.473834301473e+00
6.903400487472e+04 2.710111882945e+00 5.505980693321e+04 2.710111882945e+00
6.669021205437e+04 2.968956495472e+00 5.267509645158e+04 2.968956495472e+00
6.442599400004e+04 3.252523531399e+00 5.035594322809e+04 3.252523531399e+00
6.223864904657e+04 3.563174246050e+00 4.821105664944e+04 3.563174246050e+00
6.017061443024e+04 3.903495419832e+00 4.608844397346e+04 3.903495419832e+00
5.812774505952e+04 4.276320898295e+00 4.405928464377e+04 4.276320898295e+00
5.615423371854e+04 4.684755189486e+00 4.211946414244e+04 4.684755189486e+00
5.424772561344e+04 5.132199315110e+00 4.032540633024e+04 5.132199315110e+00
5.240594589859e+04 5.622379130744e+00 3.854997918573e+04 5.622379130744e+00
5.066462741113e+04 6.159376350946e+00 3.685271967380e+04 6.159376350946e+00
4.894449846617e+04 6.747662537580e+00 3.523018626839e+04 6.747662537580e+00
4.728277010044e+04 7.392136334397e+00 3.367908896525e+04 7.392136334397e+00
4.567745953953e+04 8.098164257917e+00 3.219628261083e+04 8.098164257917e+00
4.412665132676e+04 8.871625384268e+00 3.077876052484e+04 8.871625384268e+00
4.262849503765e+04 9.718960304102e+00 2.942364840366e+04 9.718960304102e+00
4.121205678376e+04 1.064722475322e+01 2.812819849204e+04 1.064722475322e+01
3.978304852095e+04 1.166414836552e+01 2.688978401161e+04 1.166414836552e+01
3.843236310636e+04 1.277819903743e+01 2.568664892652e+04 1.277819903743e+01
3.712753519031e+04 1.399865343986e+01 2.453734595969e+04 1.399865343986e+01
3.584015575076e+04 1.533567426485e+01 2.345702776737e+04 1.533567426485e+01
3.462333659213e+04 1.680039484997e+01 2.240748519437e+04 1.680039484997e+01
3.347288972829e+04 1.840501188537e+01 2.140490251857e+04 1.840501188537e+01
3.233644228092e+04 2.016288697533e+01 2.046249800451e+04 2.016288697533e+01
3.121519168545e+04 2.208865789992e+01 1.953230632514e+04 2.208865789992e+01
3.015539597621e+04 2.419836050346e+01 1.867234755472e+04 2.419836050346e+01
2.913158168770e+04 2.650956222459e+01 1.782353318582e+04 2.650956222459e+01
2.812145809307e+04 2.904150837982e+01 1.701330452934e+04 2.904150837982e+01
2.714636004862e+04 3.181528241885e+01 1.623990754191e+04 3.181528241885e+01
2.622470638104e+04 3.485398148584e+01 1.551328204972e+04 3.485398148584e+01
2.533434403508e+04 3.818290874877e+01 1.480807362995e+04 3.818290874877e+01
2.447421063032e+04 4.182978409824e+01 1.414551297423e+04 4.182978409824e+01
2.360789167388e+04 4.582497497030e+01 1.348227120161e+04 4.582497497030e+01
2.280637353642e+04 5.020174921526e+01 1.285012689784e+04 5.020174921526e+01
2.203206796557e+04 5.499655211826e+01 1.227517105171e+04 5.499655211826e+01
2.125219406416e+04 6.024930987817e+01 1.170838971977e+04 6.024930987817e+01
2.053065487555e+04 6.600376207204e+01 1.115941753570e+04 6.600376207204e+01
1.981876428459e+04 7.230782587338e+01 1.063618505334e+04 7.230782587338e+01
1.913155815776e+04 7.921399505726e+01 1.015268148331e+04 7.921399505726e+01
1.848201727231e+04 8.677977711457e+01 9.676651912945e+03 8.677977711457e+01
1.782780528738e+04 9.506817211544e+01 9.209137499864e+03 9.506817211544e+01
1.722252848052e+04 1.041481973091e+02 8.783924099886e+03 1.041481973091e+02
1.661289889427e+04 1.140954618289e+02 8.359540629544e+03 1.140954618289e+02
1.602484849906e+04 1.249927962873e+02 7.961621202102e+03 1.249927962873e+02
1.548078438273e+04 1.369309425046e+02 7.582642991380e+03 1.369309425046e+02
1.493280769111e+04 1.500093091132e+02 7.210895266123e+03 1.500093091132e+02
1.441501976100e+04 1.643367993313e+02 6.867652085332e+03 1.643367993313e+02
1.391518587852e+04 1.800327177967e+02 6.530957605124e+03 1.800327177967e+02
1.342262701765e+04 1.972277640136e+02 6.196831179714e+03 1.972277640136e+02
1.294750336989e+04 2.160651206840e+02 5.910704964848e+03 2.160651206840e+02
1.248919777723e+04 2.367016459861e+02 5.604112211167e+03 2.367016459861e+02
1.204711492731e+04 2.593091797287e+02 5.309444723119e+03 2.593091797287e+02
1.162068058017e+04 2.840759742562e+02 5.049143136925e+03 2.840759742562e+02
1.120934082236e+04 3.112082620216e+02 4.808800726361e+03 3.112082620216e+02
1.081256134741e+04 3.409319728784e+02 4.555951179962e+03 3.409319728784e+02
1.042982676184e+04 3.734946153926e+02 4.316396610160e+03 3.734946153926e+02
1.006063991563e+04 4.091673378401e+02 4.089437959332e+03 4.091673378401e+02
9.704521256503e+03 4.482471860517e+02 3.874412926713e+03 4.482471860517e+02
9.361008207007e+03 4.910595769054e+02 3.670694035700e+03 4.910595769054e+02
9.016139389018e+03 5.379610080646e+02 3.474588743934e+03 5.338870838811e+02
8.696993142197e+03 5.893420265249e+02 3.294877355496e+03 5.804497697231e+02
8.376587297155e+03 6.456304806886e+02 3.121630782768e+03 6.358889184464e+02
8.080079414822e+03 7.072950830473e+02 2.960174954898e+03 6.913476415247e+02
7.782401282785e+03 7.748493131386e+02 2.802028847496e+03 7.516431684475e+02
7.495689908096e+03 8.488556932768e+02 2.654716418818e+03 8.171973385602e+02
7.230363342225e+03 9.299304726614e+02 2.526495211576e+03 8.817404976843e+02
6.963989592269e+03 1.018748758869e+03 2.395838707941e+03 9.513813476513e+02
6.707429315207e+03 1.116050139454e+03 2.278072856400e+03 1.026522509781e+03
6.455484405795e+03 1.222644840479e+03 2.162205753420e+03 1.107598404877e+03
6.222316346920e+03 1.339420473243e+03 2.048546398482e+03 1.195077764779e+03
5.984109878584e+03 1.467349425398e+03 1.940861705736e+03 1.289466342297e+03
5.767967572791e+03 1.607496957996e+03 1.835535357488e+03 1.391309835158e+03
5.551310788302e+03 1.761030075890e+03 1.744931816598e+03 1.489828627888e+03
5.338792159581e+03 1.929227245354e+03 1.656565838769e+03 1.595323546477e+03
5.138256090722e+03 2.113489039837e+03 1.561045705128e+03 1.721323983160e+03
4.948957644941e+03 2.315349802501e+03 1.478998241601e+03 1.843211111700e+03
4.755935428706e+03 2.536490422659e+03 1.409166777795e+03 1.958782230108e+03
4.573865839353e+03 2.778752332495e+03 1.341124957730e+03 2.081599769355e+03
4.398766347863e+03 3.044152840621e+03 1.273504004025e+03 2.212118087032e+03
4.230370120745e+03 3.334901930156e+03 1.209292571076e+03 2.350820029390e+03
4.062331113506e+03 3.653420661194e+03 1.145741585554e+03 2.498218717608e+03
3.909741559998e+03 4.002361330912e+03 1.084311536840e+03 2.654859446056e+03
3.751627790773e+03 4.384629559176e+03 1.029639390287e+03 2.821321699593e+03
3.608005712317e+03 4.803408483567e+03 nan nan
3.459502512965e+03 5.262185265280e+03 nan nan
3.327063750635e+03 5.764780126624e+03 nan nan
3.185349110265e+03 6.315378161919e+03 nan nan
3.058820488201e+03 6.918564186662e+03 nan nan
2.932921400184e+03 7.579360915169e+03 nan nan
2.812204237822e+03 8.303270784587e+03 nan nan
2.692419784599e+03 9.096321773539e+03 nan nan
2.583535697519e+03 9.965117596955e+03 nan nan
2.473491268046e+03 1.091689269502e+04 nan nan
2.366361205635e+03 1.195957247420e+04 nan nan
2.265567216588e+03 1.310183930183e+04 nan nan
2.165819938133e+03 1.435320480405e+04 nan nan
2.072015513536e+03 1.572408906880e+04 nan nan
1.979306901220e+03 1.722590741363e+04 nan nan
1.890746369235e+03 1.887116544078e+04 nan nan
1.802094796416e+03 2.067356317100e+04 nan nan
1.718886694085e+03 2.264810912323e+04 nan nan
1.641978196492e+03 2.481124529017e+04 nan nan
1.560309329403e+03 2.718098405035e+04 nan nan
1.488265184663e+03 2.977705815670e+04 nan nan
1.412124937507e+03 3.262108505067e+04 nan nan
1.344906896288e+03 3.573674687013e+04 nan nan
1.277056995176e+03 3.914998764988e+04 nan nan
1.209908593666e+03 4.288922935700e+04 nan nan
1.146290894264e+03 4.698560855978e+04 nan nan
1.088461074195e+03 5.147323570113e+04 nan nan
1.028914777678e+03 5.638947913536e+04 nan nan
